files_and_scripts/Scotland.asc
ncols         481
nrows         301
xllcorner     -8
yllcorner     54
cellsize      0.016667
NODATA_value  -9999
[rows 118 to 176 of 301, columns 192 to 287 of 481]
0 0 0 0 0 0 1 0 18 50 77 122 97 11 21 68 162 240 297 336 370 344 274 296 271 195 143 137 169 156 141 163 188 205 224 184 79 57 65 67 57 54 51 51 51 51 110 102 139 144 107 93 121 149 167 180 174 179 187 181 181 192 191 187 175 161 140 93 81 54 78 86 121 107 129 102 88 87 100 95 75 71 80 84 62 54 46 37 37 21 35 71 57 51 42 26
0 0 0 0 0 0 0 24 107 115 144 248 143 22 46 151 210 259 271 291 299 301 251 266 214 162 144 122 159 88 88 90 90 92 85 83 112 202 265 308 326 211 194 167 113 115 77 78 83 70 70 70 70 77 81 108 110 112 113 101 90 84 72 78 78 76 72 56 59 48 55 55 65 67 64 64 58 53 63 86 96 85 64 57 48 56 69 43 26 10 0 0 0 5 6 0
37 12 0 0 0 8 28 93 249 180 229 171 63 22 22 61 166 191 196 185 198 193 207 235 196 191 56 41 88 270 448 469 296 355 356 344 357 475 524 525 435 412 381 338 319 289 249 189 171 159 143 115 110 70 39 39 49 58 51 40 43 39 26 8 5 6 7 8 48 77 89 101 120 110 85 62 35 23 0 0 0 0 0 0 0 0 0 13 0 0 0 0 0 0 0 0
8 8 56 67 78 106 101 108 163 179 69 22 22 67 81 86 74 71 76 98 118 114 116 163 108 41 41 176 399 482 490 439 495 504 515 545 398 323 358 406 373 298 285 285 339 385 273 279 328 278 170 121 90 72 41 30 19 18 18 9 9 9 6 6 4 3 4 4 0 0 0 0 5 7 0 0 0 0 0 0 0 0 0 0 48 0 0 0 0 0 0 0 0 0 0 0
8 159 257 316 204 108 107 103 77 22 22 22 22 74 147 98 66 76 63 53 67 70 106 47 41 48 86 214 269 335 404 456 482 442 314 338 391 288 266 249 244 270 245 247 273 273 303 237 220 186 159 160 68 52 64 107 67 43 32 31 26 17 4 3 3 3 3 3 0 0 0 0 0 0 0 0 0 0 0 1 38 37 38 33 53 30 24 12 0 0 0 0 0 0 0 0
109 275 311 269 109 187 299 322 237 28 22 22 28 22 22 22 32 22 29 35 47 41 41 41 42 55 98 124 131 161 215 161 161 302 197 110 110 158 159 190 210 245 336 376 293 326 296 230 227 214 220 137 88 84 96 79 25 17 13 12 15 11 6 5 3 3 3 22 5 0 0 0 8 0 0 35 48 39 42 44 55 47 41 53 76 58 40 55 49 47 19 1 0 0 0 0
158 141 141 290 311 491 377 237 329 69 22 22 22 22 22 22 22 22 22 22 41 54 52 64 41 45 48 53 56 61 61 62 70 73 80 197 425 446 444 419 312 363 389 377 385 357 285 244 222 185 123 92 86 94 77 60 31 34 20 13 11 10 7 5 3 4 33 71 72 75 78 67 33 55 56 57 50 69 69 61 58 54 76 87 91 97 93 103 137 107 79 127 117 81 32 21
245 377 261 595 584 452 466 349 371 244 22 22 22 22 22 22 22 37 43 72 127 140 143 123 132 111 68 115 131 152 135 158 184 155 112 172 356 417 290 339 410 375 383 385 413 342 300 232 161 196 84 78 48 57 55 38 41 26 16 16 20 7 5 5 5 20 59 52 70 55 33 33 63 72 69 105 104 116 124 116 123 129 125 104 109 119 134 123 131 202 135 139 108 185 153 163
430 439 501 423 296 296 350 434 156 40 22 22 22 22 22 50 198 274 154 231 216 246 210 219 160 138 101 76 89 115 135 158 160 158 161 186 166 138 139 239 423 462 454 396 341 253 218 158 77 86 116 48 39 14 12 10 21 14 5 5 5 5 5 11 33 35 82 72 52 79 103 106 92 106 108 123 165 163 150 181 165 151 162 147 173 163 147 133 138 155 128 159 104 77 60 60
427 556 334 296 579 296 296 308 481 78 22 22 22 85 159 278 286 304 328 412 287 234 151 99 77 70 61 39 36 47 40 43 66 75 112 118 128 158 146 80 134 102 120 120 136 143 141 64 11 10 11 30 21 8 10 9 9 6 5 6 23 24 35 23 35 59 77 86 86 73 76 82 101 109 141 206 207 210 201 200 189 170 160 150 143 143 171 151 121 130 111 107 121 131 127 120
147 419 401 659 419 296 573 474 273 22 22 22 140 389 413 504 516 464 353 246 175 126 108 119 110 30 30 27 27 27 27 27 27 31 14 14 14 13 15 14 14 14 13 13 10 10 10 10 10 10 12 9 9 9 7 7 6 10 35 54 56 44 58 74 77 67 94 77 78 73 74 102 108 131 158 160 214 238 262 268 267 238 245 206 186 148 118 110 110 108 121 110 104 107 119 112
122 174 345 296 296 296 296 325 45 22 63 191 343 547 437 342 341 311 156 169 165 168 90 82 69 87 38 27 27 27 27 27 27 27 14 18 16 12 14 12 12 12 12 12 12 11 19 11 10 10 10 9 13 66 23 24 14 16 18 18 18 18 18 18 18 28 96 103 103 90 85 112 137 133 230 154 249 291 319 334 313 272 273 234 154 107 107 97 94 94 116 90 85 81 81 88
8 95 347 603 307 452 500 188 22 22 320 494 384 355 317 221 159 145 100 149 70 60 54 99 32 29 27 49 28 27 29 27 30 30 22 19 16 15 12 13 28 37 36 28 29 37 15 50 68 87 75 58 144 189 223 221 152 315 420 518 220 375 447 290 393 204 151 92 85 85 85 89 107 128 128 181 167 139 139 145 132 118 117 117 119 168 277 309 140 104 87 81 81 81 89 81
309 8 174 258 525 450 145 22 179 590 636 681 431 481 282 194 165 210 54 54 54 54 54 54 88 81 230 301 165 99 54 27 27 36 50 40 52 41 65 77 87 88 80 49 33 21 59 77 93 84 60 132 193 186 255 348 429 517 525 366 570 583 674 630 521 571 329 442 366 247 161 144 142 132 140 147 140 139 140 139 144 153 134 121 117 107 106 106 106 110 111 163 151 179 145 118
127 327 94 84 84 84 22 47 464 431 455 392 282 282 405 364 165 178 305 259 453 543 502 361 291 259 221 173 207 187 265 332 190 129 141 141 170 139 123 102 71 51 47 47 47 59 67 74 95 118 95 109 165 253 276 311 422 496 537 531 510 583 568 499 457 530 428 567 439 349 383 325 187 189 173 195 195 168 140 132 129 125 113 110 106 106 106 106 109 112 132 157 149 132 128 128
611 679 469 160 124 300 87 22 233 354 400 327 282 362 332 165 331 463 630 565 494 429 266 184 151 171 186 151 151 124 124 124 234 300 205 160 102 71 71 71 121 101 108 122 149 157 158 150 137 136 113 98 134 156 193 255 286 388 441 355 481 382 422 422 439 369 398 381 421 439 265 250 236 437 284 278 203 184 165 137 133 138 121 117 106 106 109 116 157 438 370 281 255 207 184 162
498 469 561 541 111 244 22 22 423 458 495 399 477 326 165 296 285 423 408 316 367 223 165 151 151 242 151 212 306 323 222 149 106 107 158 76 71 75 89 158 160 221 224 221 216 189 180 167 164 154 143 119 98 98 119 177 220 242 256 304 316 328 453 442 463 435 322 362 313 311 385 329 288 353 342 302 288 268 241 161 139 136 133 130 125 120 128 161 207 359 319 268 245 243 297 266
546 891 476 174 312 82 22 164 127 156 169 165 165 177 165 165 165 165 165 165 165 165 257 480 489 151 231 457 480 584 461 173 119 98 98 234 204 161 146 180 236 256 268 271 299 307 297 273 249 232 211 175 160 156 102 102 105 142 164 177 152 172 187 221 274 176 459 423 472 446 419 477 412 379 439 428 384 381 331 280 246 226 218 194 180 164 129 134 154 206 348 367 305 294 162 116
511 562 294 797 552 268 22 262 348 565 445 621 336 165 165 405 284 391 165 168 297 451 293 217 217 224 529 372 700 430 285 146 362 355 331 281 202 321 346 310 336 379 421 403 426 472 476 413 360 322 287 245 223 202 151 130 134 112 112 130 130 135 132 132 141 187 247 309 295 256 379 420 396 312 327 317 367 306 278 261 273 274 261 221 195 135 182 147 115 91 91 102 87 64 58 52
360 294 689 627 407 345 22 381 634 483 236 165 165 403 385 402 454 345 354 434 466 486 408 602 441 269 720 519 612 691 451 146 506 380 361 358 306 299 394 437 422 607 534 538 528 450 493 406 448 363 394 361 267 218 152 177 163 153 153 157 171 188 181 161 131 112 117 126 237 271 403 390 359 271 356 349 317 205 211 205 260 212 239 217 156 183 202 162 183 173 105 68 62 52 52 52
558 501 305 375 238 22 41 445 518 286 540 692 697 596 367 595 573 510 396 647 665 641 601 447 394 595 508 403 261 261 277 297 480 641 592 471 324 506 369 320 278 348 329 402 560 354 371 305 262 301 223 244 339 342 297 251 218 190 169 166 144 135 115 100 95 86 86 52 59 74 91 135 136 123 187 237 270 245 205 142 212 234 240 247 216 148 154 165 180 234 192 271 195 114 107 99
432 652 471 477 174 76 369 356 601 556 476 384 367 367 396 339 416 524 428 429 700 655 460 381 381 478 261 428 261 268 433 385 634 483 625 701 541 429 381 507 350 241 241 241 354 356 450 434 417 223 271 284 235 180 134 134 127 99 120 107 104 70 55 44 44 44 44 44 45 44 44 44 44 50 48 64 108 153 136 197 254 254 274 199 174 192 122 122 236 160 273 202 177 205 99 164
736 636 649 403 167 76 376 596 572 580 611 757 905 538 507 491 339 339 339 339 376 562 464 555 467 261 280 512 261 287 536 391 366 624 752 541 545 652 573 424 472 555 313 241 241 241 282 333 317 269 168 209 141 141 192 154 144 94 72 64 77 73 57 44 44 44 44 44 44 44 44 44 44 44 44 44 44 77 89 131 56 49 21 38 21 21 21 21 21 28 80 192 227 167 113 101
298 350 350 379 227 171 77 191 264 574 651 477 450 789 732 405 517 791 406 560 339 339 261 261 261 261 261 261 261 302 489 305 261 662 556 642 648 588 488 424 537 658 496 368 428 261 241 170 94 146 169 158 287 342 172 55 48 53 48 48 48 48 49 48 77 81 67 77 94 102 96 80 114 95 70 64 44 44 44 44 44 48 21 21 21 21 21 21 21 21 21 21 29 33 24 49
436 491 527 500 387 347 430 305 197 227 358 359 681 653 732 683 1006 880 836 515 346 613 495 577 565 319 436 596 479 261 261 313 261 515 550 268 516 623 521 630 582 438 297 563 419 277 94 98 67 67 67 67 190 58 58 75 86 48 48 60 53 48 48 48 57 79 88 78 76 93 118 121 122 146 135 129 148 129 87 59 65 44 49 109 170 147 90 49 21 21 21 21 21 5 5 5
706 852 746 631 520 431 516 400 428 293 227 240 419 643 347 740 865 631 571 649 346 580 585 584 441 522 776 576 362 386 321 261 261 261 261 261 261 261 261 261 302 175 108 108 108 108 94 94 144 168 165 72 67 107 58 104 89 76 166 106 67 52 75 81 56 49 49 49 49 49 48 82 80 98 102 102 108 102 127 110 97 89 33 33 33 33 33 33 87 82 21 23 32 29 38 9
719 395 526 777 629 470 401 626 417 232 227 227 227 227 227 367 587 617 327 519 472 371 479 384 669 570 645 537 589 527 261 413 537 261 272 455 464 470 326 261 261 323 365 469 295 425 444 186 195 289 276 269 348 293 268 226 206 157 99 120 267 230 194 188 169 145 130 97 70 55 61 48 40 38 38 38 37 38 63 69 49 33 33 49 91 178 191 191 124 183 127 37 13 13 16 10
756 646 360 304 304 260 243 243 227 227 348 416 505 490 416 312 247 247 247 247 247 247 247 247 361 342 547 505 305 535 579 619 505 441 266 464 613 543 329 413 461 516 523 543 489 305 216 300 288 460 472 633 461 360 446 370 391 402 316 257 229 254 316 254 198 215 211 192 162 149 115 103 97 77 74 82 62 33 33 33 33 33 33 45 52 74 145 176 182 187 259 166 47 11 13 10
347 394 599 499 546 278 302 461 266 541 619 531 396 575 574 581 467 397 473 427 384 346 247 247 247 247 252 268 320 593 512 604 560 592 455 366 471 460 571 621 579 507 458 370 336 395 365 497 618 737 656 446 446 715 509 639 532 596 454 451 359 348 244 204 196 188 188 202 193 182 167 150 132 124 101 62 95 89 86 50 33 33 33 48 116 111 101 107 137 167 207 145 152 54 11 23
715 514 394 394 535 413 493 461 653 441 658 856 689 391 669 689 676 558 761 756 552 526 525 451 471 410 247 184 184 233 280 357 507 488 452 461 423 511 676 564 474 371 371 526 640 714 587 575 905 681 459 607 765 725 518 698 520 678 582 488 527 244 357 290 281 249 235 187 184 164 153 145 145 132 140 111 96 61 64 43 33 33 51 82 87 98 102 105 119 126 164 226 195 237 188 113
622 503 565 699 417 274 876 543 625 551 765 699 442 391 499 659 703 629 686 709 807 763 763 601 542 527 557 493 364 184 184 198 284 295 522 604 468 369 441 520 508 604 841 724 734 715 654 612 546 657 543 653 489 529 444 364 364 364 364 301 264 383 487 550 448 440 348 334 271 240 227 202 182 163 134 112 90 71 50 33 33 33 61 84 81 103 118 115 128 133 257 203 221 259 167 151
178 278 684 406 208 208 259 555 486 657 650 758 746 601 391 355 355 355 392 506 504 490 414 486 336 290 184 184 184 204 184 184 184 184 184 221 300 359 259 327 492 706 779 636 553 501 501 640 585 543 615 515 549 444 632 655 620 617 615 421 296 394 570 451 581 452 461 449 395 265 225 205 188 139 107 123 87 57 53 74 60 62 33 64 115 131 129 133 128 131 131 150 222 360 217 224
314 178 185 208 539 787 315 554 521 486 547 790 664 1010 826 615 715 541 355 252 246 246 246 246 246 246 536 583 640 537 529 483 390 228 209 184 184 184 184 184 339 474 596 505 501 643 770 787 775 699 763 595 502 716 528 401 434 410 365 376 314 296 335 504 480 513 489 372 358 411 343 241 172 186 113 101 89 70 94 84 93 85 64 58 72 117 137 132 117 110 105 102 141 153 301 248
501 271 178 349 700 741 709 354 487 486 486 486 452 757 926 678 570 560 764 573 733 729 617 686 705 492 496 763 797 905 846 586 475 530 443 318 254 220 184 184 184 314 404 416 416 686 674 656 695 741 635 685 724 614 621 506 398 361 361 361 437 333 296 296 301 293 350 326 311 421 383 370 193 176 120 119 101 119 106 107 93 88 83 76 58 58 76 97 101 82 76 72 77 93 94 135
202 263 178 362 685 749 706 615 902 919 729 523 452 452 519 485 549 503 540 503 503 547 577 867 678 639 695 542 817 578 668 514 818 775 1020 726 599 538 332 196 184 184 296 622 601 619 545 537 661 543 456 456 461 365 361 361 361 400 515 518 445 398 300 393 351 233 220 220 220 253 291 282 260 322 264 137 119 120 98 76 67 58 58 58 58 58 59 58 58 58 67 58 65 69 67 89
227 195 178 207 308 399 937 833 670 577 452 452 496 692 452 602 553 549 503 611 640 503 377 331 417 708 833 594 572 524 532 594 737 950 726 921 862 695 521 469 330 184 184 342 443 445 491 410 461 452 623 579 499 539 546 513 563 521 606 606 551 327 342 309 292 309 349 220 225 184 145 187 190 262 123 119 119 164 140 118 58 58 58 58 58 58 58 58 58 58 58 58 66 58 58 58
353 278 247 222 207 207 261 423 754 764 773 452 704 746 798 794 636 664 682 731 860 882 737 488 331 331 427 587 414 647 729 487 809 685 577 781 997 817 872 757 590 328 184 184 184 184 184 211 331 476 444 488 460 483 500 494 568 501 466 442 367 380 388 379 317 298 333 294 366 409 276 123 123 123 140 241 251 190 130 99 115 144 93 150 99 58 58 58 61 58 58 58 58 58 58 58
316 348 432 311 428 348 294 261 328 425 517 452 607 590 628 626 543 543 543 543 543 543 429 384 436 331 331 331 331 331 458 523 385 553 527 749 641 556 738 688 558 489 505 184 388 438 366 184 184 184 325 527 457 413 405 387 438 512 477 394 454 418 502 350 409 421 372 438 445 297 123 162 324 125 123 123 123 123 159 141 76 58 58 58 58 66 66 73 68 58 58 58 58 58 58 58
315 307 307 307 307 360 307 322 361 354 333 333 337 386 468 567 594 682 706 773 710 726 721 648 710 703 655 569 435 385 322 322 322 322 322 322 322 322 250 186 184 184 184 280 184 201 184 221 418 184 184 208 317 399 378 321 333 391 338 399 391 471 412 408 480 449 440 463 411 281 123 184 306 231 363 206 214 231 157 173 197 182 135 151 174 164 162 147 93 104 110 103 73 58 68 64
416 463 341 307 307 307 307 321 367 449 444 358 333 339 354 395 479 549 617 677 679 922 621 647 653 700 623 704 521 545 554 694 818 588 745 788 660 404 468 654 895 752 770 563 449 431 430 279 184 184 184 184 184 184 184 184 184 184 211 263 324 436 391 360 388 445 421 367 260 123 123 174 242 441 444 284 283 330 331 343 294 242 266 251 243 240 237 110 191 291 256 197 160 131 96 96
335 332 311 320 307 307 307 307 307 309 398 376 356 316 325 317 359 441 442 487 602 542 491 621 495 669 516 624 554 667 511 528 707 726 674 848 936 761 878 933 988 785 715 678 585 487 363 265 405 392 414 348 378 373 389 328 216 184 184 184 221 375 315 350 259 301 350 234 161 123 128 220 383 289 315 300 379 306 338 311 334 384 312 274 265 251 202 127 232 256 218 197 184 264 224 171
307 307 307 307 307 307 307 307 307 307 307 335 329 317 304 314 290 331 293 293 334 407 390 464 367 355 363 360 381 413 445 473 578 514 639 617 649 710 678 727 639 551 551 551 551 555 362 323 387 554 521 411 418 424 429 390 414 334 206 184 184 184 184 194 123 123 123 123 123 162 165 283 368 370 433 391 346 413 354 405 373 262 233 233 202 202 230 242 234 237 199 215 206 209 181 164
402 377 371 375 372 421 492 508 506 458 322 307 312 311 292 291 333 272 352 430 301 271 284 284 283 278 284 307 367 327 330 319 442 426 617 721 641 478 556 740 570 708 1055 925 684 484 396 470 378 553 610 766 630 631 556 450 384 388 354 363 318 208 184 184 261 354 288 123 166 293 248 315 408 467 444 505 506 469 388 424 233 233 324 288 202 382 300 294 304 299 294 279 402 308 204 210
447 545 447 365 388 466 504 506 617 571 530 490 371 283 283 271 271 271 271 271 271 285 271 271 271 271 271 271 271 271 271 271 284 271 350 388 495 403 368 352 326 444 446 363 350 347 286 319 321 356 469 483 568 433 552 602 534 551 485 424 321 344 366 361 273 123 123 167 266 317 352 330 379 475 470 391 374 362 312 233 238 322 370 290 229 347 346 388 380 372 325 302 228 218 247 260
347 347 347 347 347 347 373 368 414 413 419 445 368 354 311 401 389 383 335 347 381 376 289 271 299 295 288 384 367 271 271 271 271 271 271 271 271 271 271 271 271 271 275 271 271 271 293 271 271 271 271 271 331 287 389 390 461 371 443 548 496 322 285 127 123 123 193 298 353 453 356 346 422 469 364 373 350 310 266 252 314 382 311 274 297 328 365 373 398 402 380 341 356 219 313 281
347 441 431 393 398 359 352 352 352 352 352 358 375 387 408 415 393 377 343 437 417 408 343 410 448 480 423 370 422 420 332 310 310 346 300 429 550 501 630 596 441 271 271 271 271 271 271 310 383 319 272 271 271 271 271 271 271 271 271 271 321 148 127 266 214 242 279 329 346 427 442 423 394 376 325 325 287 252 252 252 311 320 274 274 274 370 389 410 493 365 360 366 286 223 361 297
424 566 788 651 820 600 483 397 384 380 404 441 460 608 521 660 680 611 366 381 399 362 368 475 462 516 432 427 420 424 474 440 409 397 361 392 514 715 789 793 673 448 320 372 410 423 432 419 425 434 429 381 356 387 404 403 356 271 271 323 321 232 334 586 484 467 425 430 402 365 506 555 545 504 410 394 311 252 314 337 330 466 358 376 287 321 374 399 374 347 348 285 285 321 349 332
525 565 393 628 681 558 515 433 394 432 450 535 593 839 580 645 633 544 481 403 362 362 498 471 481 607 654 593 605 570 499 507 544 455 510 454 392 393 533 499 511 530 366 305 305 255 232 232 232 232 285 346 335 298 272 329 427 381 364 232 232 232 232 406 540 819 676 645 415 404 343 343 311 311 341 261 261 350 415 381 463 376 438 454 296 483 683 459 367 347 375 287 498 329 456 332
380 380 379 430 439 437 406 406 394 436 488 670 829 746 713 798 594 490 471 432 376 362 420 591 602 640 724 674 596 634 704 609 447 445 445 441 410 392 413 487 403 364 364 397 376 392 409 433 419 348 232 232 232 232 232 232 232 232 232 277 317 387 383 340 403 479 567 548 461 577 454 433 434 529 311 346 405 370 379 447 457 515 568 393 321 341 341 347 347 357 399 343 453 394 346 414
401 552 282 282 347 635 491 672 785 602 461 388 473 607 822 851 653 637 613 455 422 508 362 450 751 637 653 667 604 637 564 526 531 468 560 532 523 483 421 418 426 463 420 414 468 499 414 311 309 309 342 395 292 396 449 364 258 260 239 280 338 363 404 416 377 377 441 509 603 571 552 503 483 444 351 370 511 501 497 524 638 574 460 327 365 583 516 412 347 497 523 479 437 466 428 483
401 706 672 306 282 460 780 692 611 739 560 600 385 508 508 566 753 701 547 614 990 847 754 362 433 654 534 638 728 742 770 682 718 468 734 682 613 673 629 536 453 396 363 325 311 311 311 319 425 425 388 467 341 408 364 366 481 400 239 525 395 431 497 637 515 436 571 616 630 731 680 554 454 374 406 536 508 685 564 633 534 483 346 350 409 416 422 594 382 409 580 547 505 630 471 544
554 840 908 756 282 282 646 746 842 497 497 538 372 680 791 697 627 572 812 1028 1084 767 819 685 362 362 511 742 774 818 803 798 759 607 468 597 530 414 384 384 384 384 378 360 400 346 314 438 442 464 448 394 421 504 462 485 508 420 355 355 422 476 546 774 704 554 558 560 584 747 594 464 393 458 573 660 807 707 496 393 393 393 458 629 445 528 680 727 489 389 527 692 549 565 498 469
678 473 674 906 549 282 792 742 898 859 614 419 372 609 832 795 990 1013 1054 964 696 696 695 574 418 368 362 567 955 702 809 812 686 655 468 495 632 648 628 552 481 419 459 436 468 385 404 508 449 493 484 531 428 440 531 617 530 531 445 522 584 424 443 601 978 923 990 833 601 523 569 568 528 660 712 675 535 535 478 663 710 407 510 664 569 690 720 546 420 538 515 681 808 600 586 692
508 614 473 360 508 282 461 508 593 619 519 448 372 404 546 558 569 752 842 853 851 716 504 460 481 419 377 405 646 722 925 720 619 468 611 733 610 818 732 620 613 466 482 539 470 449 439 519 572 500 522 537 523 437 564 722 875 502 600 750 827 581 696 443 608 719 638 916 523 651 574 711 746 727 797 742 686 726 478 705 754 594 413 611 872 733 747 635 439 694 736 662 838 891 824 814
648 492 351 344 290 332 260 273 314 336 346 369 365 346 583 448 629 979 878 602 602 602 710 465 429 472 477 377 473 693 647 744 489 600 764 847 899 889 891 788 699 486 548 492 509 508 530 547 785 621 645 698 614 497 806 801 763 646 752 709 882 880 834 761 683 602 602 719 523 599 652 602 660 681 951 863 743 478 761 720 794 720 658 594 680 871 933 953 748 483 733 867 858 835 711 416
159 256 256 256 256 256 256 270 298 303 323 332 470 333 403 376 399 538 669 781 637 665 601 501 429 500 586 516 377 446 750 673 483 451 675 709 829 836 768 699 778 532 499 682 690 686 644 653 759 774 780 708 499 757 737 951 792 804 729 720 871 724 613 775 768 769 641 523 523 566 541 643 773 707 926 813 809 802 720 712 761 823 726 732 744 829 949 942 943 852 800 866 745 658 834 849
242 359 541 508 408 447 318 310 321 299 299 299 299 329 326 342 444 354 690 877 891 868 689 530 437 470 639 798 841 581 398 603 712 451 471 704 886 871 870 832 780 592 567 843 783 831 767 696 727 723 707 676 613 615 660 687 701 689 689 689 633 633 587 587 543 541 541 523 523 538 570 655 723 707 832 920 689 832 866 752 628 592 752 855 567 672 672 891 1021 911 907 821 802 740 619 422
140 262 313 313 364 498 551 416 714 785 473 437 371 368 326 326 345 551 372 394 638 834 644 641 487 421 488 619 714 772 713 398 398 445 391 478 672 813 749 711 812 779 681 600 481 835 552 627 756 765 769 724 699 791 792 768 823 797 707 836 727 732 694 845 698 744 775 764 523 523 524 574 716 783 760 738 632 621 677 760 719 578 484 567 735 782 763 881 811 621 831 907 905 902 826 671
180 345 450 367 471 647 849 569 822 759 610 819 866 748 639 408 326 313 319 529 367 530 519 439 441 363 604 530 586 762 848 614 433 381 376 514 440 506 569 518 782 834 819 771 545 481 692 774 780 883 838 798 798 796 833 756 691 645 792 850 974 744 838 984 908 770 616 652 662 523 562 682 738 771 732 760 790 866 621 744 716 802 636 484 561 636 638 657 621 773 945 919 784 784 780 782
