files_and_scripts/Scotland.asc
ncols         481
nrows         301
xllcorner     -8
yllcorner     54
cellsize      0.016667
NODATA_value  -9999
[rows 0 to 58 of 301, columns 0 to 95 of 481]
65 61 105 75 68 82 68 79 80 88 80 76 88 78 73 73 75 100 71 70 76 72 96 94 61 47 56 61 85 76 54 45 64 65 74 69 66 76 61 84 105 111 112 97 115 109 93 90 95 122 145 194 213 217 188 167 123 118 124 100 113 107 104 94 91 89 110 112 111 127 145 143 152 132 124 89 53 64 36 62 54 64 66 62 58 61 46 53 46 52 54 49 43 42 25 18
85 78 106 77 73 74 72 92 66 83 71 85 91 102 103 68 72 94 95 101 75 67 61 61 55 67 52 52 58 53 54 45 45 63 66 55 55 55 88 99 121 132 146 161 106 93 101 79 96 128 154 158 126 213 203 160 141 115 96 108 99 128 122 91 114 104 140 162 182 165 175 199 210 196 130 105 120 79 67 83 86 84 74 81 62 66 65 70 74 70 60 50 47 31 26 4
88 76 76 68 68 68 68 66 78 66 66 66 66 66 66 66 77 85 98 71 67 85 84 66 86 64 82 69 89 50 50 46 51 45 60 55 56 55 79 137 117 105 79 79 79 79 123 89 79 79 89 91 122 112 125 104 104 96 96 96 96 99 99 119 138 132 112 133 133 133 133 133 184 166 176 190 137 104 107 129 94 90 82 77 80 87 90 88 73 64 38 32 32 14 13 15
101 83 89 86 78 93 92 78 66 66 98 73 82 94 66 66 66 66 66 66 66 66 83 66 71 60 67 77 88 64 68 47 45 48 63 64 55 55 74 62 95 95 79 79 79 79 79 79 79 79 79 79 104 97 96 96 96 96 96 109 117 132 150 137 115 115 124 134 133 138 133 137 134 167 163 168 140 133 135 111 108 89 91 101 92 93 83 73 74 63 60 55 46 32 35 44
152 184 174 109 110 91 119 88 83 81 71 71 78 69 73 68 76 77 66 66 85 66 66 72 87 60 70 93 72 71 57 49 70 52 48 55 55 62 76 62 85 79 101 85 79 88 79 79 93 79 83 80 79 83 98 96 100 113 156 145 134 140 132 125 148 162 174 167 180 153 170 162 168 185 180 163 152 135 129 114 96 96 117 132 111 100 83 105 98 97 81 60 47 47 101 92
307 437 467 292 206 152 132 130 143 110 82 81 75 78 68 86 100 66 66 66 66 66 66 72 60 53 77 62 53 77 66 68 56 51 65 52 58 51 64 55 64 91 124 95 111 100 99 84 79 83 82 84 108 97 95 95 111 98 114 95 117 106 112 143 162 177 221 215 229 201 205 183 170 180 194 186 148 128 99 96 113 96 101 107 126 99 124 136 136 97 76 88 183 68 141 97
334 526 486 397 301 247 199 198 266 199 144 119 92 78 75 84 78 66 74 66 66 66 103 81 53 55 63 53 65 53 59 51 61 51 56 61 51 54 59 65 52 64 62 97 95 114 133 100 92 82 98 105 90 90 96 95 95 95 100 95 95 95 95 114 122 121 190 163 142 161 169 144 129 175 157 136 116 96 99 96 101 100 120 119 147 125 121 124 102 122 136 130 102 76 144 128
186 338 489 461 402 356 300 251 314 365 267 163 113 118 98 96 70 66 66 70 66 99 105 123 78 53 53 54 68 54 63 60 51 51 65 59 51 71 54 58 55 52 52 52 78 66 100 149 120 117 89 89 111 108 120 95 95 95 95 98 97 95 95 95 95 95 95 129 125 115 107 114 143 119 154 132 117 96 96 105 127 100 128 117 117 117 117 125 139 159 100 91 91 297 405 303
161 348 314 312 319 342 351 363 338 380 331 259 208 145 112 111 81 66 66 106 171 263 239 215 218 143 58 53 53 60 52 51 51 51 51 51 51 51 51 51 56 53 52 55 52 63 74 148 137 135 131 119 109 118 107 102 107 100 105 105 106 97 99 109 95 95 95 111 121 98 98 98 98 98 96 96 96 109 98 99 116 140 117 117 117 124 132 163 188 184 146 103 107 344 436 241
71 111 126 179 255 379 448 305 294 470 450 374 244 165 143 120 105 74 82 148 239 367 364 342 253 115 57 53 60 53 54 51 51 51 51 52 51 51 51 51 52 62 52 52 52 52 52 79 150 137 141 117 104 104 104 100 100 132 119 111 133 124 106 106 111 116 115 140 106 121 116 113 106 105 108 125 108 150 131 159 188 140 145 160 137 154 183 200 207 202 177 196 111 185 234 191
113 214 297 358 416 384 301 231 203 250 322 338 294 224 191 145 97 74 77 115 211 274 355 320 189 109 61 55 64 51 51 51 51 53 52 51 51 51 51 51 51 52 52 63 58 52 66 52 52 87 92 107 110 180 147 153 150 149 129 148 121 123 122 106 117 116 152 138 124 131 118 125 120 135 139 155 120 143 164 178 270 181 164 206 156 150 213 211 219 232 208 262 238 211 131 146
117 212 412 463 272 198 132 161 176 270 436 434 335 269 278 220 127 75 74 128 107 131 200 242 155 95 63 75 71 56 52 52 51 51 51 53 52 51 56 61 57 67 58 59 60 55 71 52 64 52 52 67 92 87 126 152 163 169 190 189 174 161 144 150 151 149 137 121 135 142 130 147 151 144 176 161 139 186 207 216 265 203 190 232 218 172 193 229 262 210 209 188 165 106 150 120
71 71 132 162 125 111 115 174 284 339 473 644 432 367 366 294 198 95 63 58 109 79 181 229 126 90 62 62 51 51 51 51 51 51 51 51 52 67 79 68 85 76 70 71 76 62 66 75 64 65 58 70 73 70 102 115 120 147 171 164 152 152 169 176 153 134 119 104 92 106 124 168 152 142 159 168 183 211 218 213 254 222 218 278 264 236 210 223 181 236 154 123 96 139 158 107
95 78 71 80 101 122 199 300 498 527 421 393 390 390 331 319 210 122 74 54 51 54 51 51 56 75 65 51 51 51 51 51 51 51 65 51 60 65 88 78 88 95 87 93 93 76 64 64 71 74 76 67 67 70 67 67 67 77 106 108 104 132 119 150 146 136 125 110 59 75 105 117 142 151 190 174 154 208 227 202 234 234 255 335 292 296 267 239 175 140 140 118 80 140 140 145
324 165 86 76 92 125 206 263 328 324 292 283 255 317 367 266 249 148 83 67 55 51 60 51 51 51 51 51 51 51 51 51 51 51 72 67 114 118 146 178 169 112 102 102 85 84 95 86 79 71 83 67 69 70 67 67 67 84 82 91 68 77 75 110 84 104 100 69 57 78 99 126 141 152 172 153 167 182 239 160 144 223 246 313 277 309 281 247 186 164 159 93 80 107 132 155
417 227 139 81 124 172 159 159 196 191 188 178 229 234 249 148 110 77 66 55 52 56 51 51 51 51 51 51 51 51 51 51 51 56 81 95 116 119 167 206 249 253 224 180 152 119 105 90 86 80 73 72 76 70 67 71 67 67 67 67 67 78 75 66 66 57 57 57 57 57 109 146 165 130 120 162 184 191 147 132 116 143 172 195 264 295 207 170 172 172 153 96 69 98 102 158
186 186 139 92 140 172 215 245 246 194 177 160 91 82 76 75 61 56 70 53 63 51 51 51 51 51 51 54 56 53 51 51 52 59 76 127 141 147 183 208 215 196 238 293 250 185 151 124 123 109 92 97 87 84 78 73 74 76 67 67 71 67 67 74 62 57 57 57 57 58 98 128 146 120 120 107 107 133 112 130 96 134 140 225 214 220 213 167 136 103 102 82 63 81 81 81
77 63 62 62 71 69 94 121 78 55 55 55 55 55 55 55 55 55 55 62 51 51 51 54 51 51 51 59 56 52 51 56 55 63 65 89 105 186 245 212 189 173 186 226 221 258 224 177 141 137 132 112 100 107 91 80 89 75 79 92 77 91 71 67 59 71 57 57 57 57 57 88 99 97 85 95 132 103 113 85 101 117 149 151 192 228 197 167 132 91 72 63 63 91 138 105
215 118 62 62 62 62 62 62 62 81 75 96 83 67 66 63 55 60 75 80 51 63 51 62 51 51 61 51 65 66 64 66 64 62 62 62 108 197 188 210 223 188 139 203 246 276 275 298 229 201 191 143 124 116 113 93 92 86 81 103 96 84 86 73 68 72 57 57 57 57 57 57 69 82 87 95 90 93 95 85 99 91 120 161 216 230 184 141 139 101 70 63 67 93 116 105
169 118 62 62 88 101 163 189 85 211 269 300 283 277 211 115 63 55 55 59 55 51 51 51 51 51 73 86 72 67 70 84 82 79 76 72 104 102 95 115 188 139 142 201 255 214 199 199 257 300 270 237 221 186 167 139 119 98 104 104 79 90 64 67 75 57 57 61 57 57 57 57 71 57 74 59 59 69 61 64 72 75 99 122 166 162 158 134 98 82 88 75 63 67 84 95
109 62 73 99 167 218 216 215 206 166 166 265 281 269 122 63 68 55 60 58 64 51 51 58 84 65 83 133 154 132 85 76 90 76 78 86 78 87 108 81 96 99 99 121 122 149 207 312 337 342 350 337 326 294 275 231 174 125 123 93 79 79 63 57 67 57 57 57 57 57 57 57 57 86 78 68 59 71 55 46 38 58 87 115 118 137 142 119 99 82 71 92 82 53 56 94
73 88 136 168 222 250 273 319 328 333 287 183 76 62 56 55 55 77 93 63 64 51 51 52 54 76 118 136 188 182 110 84 98 98 82 78 82 78 78 79 90 122 133 137 183 183 243 298 303 329 336 334 311 263 236 188 143 125 115 116 117 90 61 57 78 57 57 63 58 57 57 57 57 69 79 77 59 76 54 56 37 39 55 96 126 108 94 80 100 72 56 53 68 53 53 51
93 132 166 202 265 297 301 342 352 311 215 114 57 58 57 69 61 136 102 62 51 51 51 57 77 132 154 168 146 155 91 107 92 107 96 91 103 109 84 85 90 98 98 98 116 119 249 285 243 257 238 229 216 189 187 158 198 180 125 106 88 82 57 57 57 57 57 57 57 57 57 57 57 57 57 49 54 43 47 43 37 33 51 42 70 78 99 71 80 56 40 33 33 50 53 33
129 137 167 202 250 262 301 352 291 200 75 57 57 57 80 89 125 121 82 52 51 59 58 82 113 120 131 143 173 151 167 161 156 106 106 103 110 123 100 109 112 108 117 106 98 98 105 106 127 146 204 150 143 179 224 199 180 150 119 96 83 57 60 57 57 64 57 66 57 57 57 57 57 61 64 61 33 33 52 33 33 33 33 58 59 40 44 40 47 43 33 44 33 33 33 36
138 159 185 223 251 229 254 242 217 76 73 57 113 72 117 134 147 64 51 51 54 60 59 66 79 109 124 145 170 190 159 167 116 154 103 104 112 124 106 114 117 113 103 98 102 98 105 101 84 89 97 102 133 108 104 103 119 109 81 66 66 62 57 57 79 76 68 85 87 97 68 57 57 57 70 45 33 33 33 33 33 33 38 33 37 36 45 44 33 46 33 33 33 33 33 33
157 194 196 226 218 201 202 133 108 87 68 63 101 112 159 126 98 51 51 51 67 59 60 57 58 76 107 109 118 166 203 245 197 193 172 151 152 168 153 207 155 134 158 175 164 124 105 84 95 72 72 74 80 84 95 90 72 88 78 66 66 57 63 58 96 97 116 137 102 114 79 69 57 57 59 60 55 33 33 33 33 33 33 33 33 33 33 33 33 33 33 33 33 33 33 36
256 228 239 230 180 147 147 85 85 85 74 102 74 71 51 51 51 51 51 54 60 54 57 88 68 88 76 88 107 117 136 159 153 156 224 220 207 232 237 241 257 268 251 229 186 197 146 164 101 72 73 72 72 72 72 72 72 72 72 74 93 105 120 130 106 110 155 170 104 104 114 71 57 61 70 56 47 33 33 33 33 33 33 33 33 33 33 33 33 33 33 38 33 33 33 45
254 270 243 242 253 264 240 233 190 94 78 72 51 51 51 51 51 51 51 65 54 54 70 71 96 102 117 105 96 107 112 121 148 144 187 174 201 174 199 256 289 224 197 159 167 152 172 182 168 171 173 153 93 79 72 72 72 72 95 113 125 157 159 150 132 111 98 100 97 79 78 65 57 71 68 55 40 36 33 33 33 33 33 33 33 33 33 33 33 33 33 33 33 33 33 33
84 59 52 66 112 238 278 306 199 95 52 51 51 51 51 51 51 53 63 76 66 78 89 88 87 117 121 112 111 108 116 131 151 138 162 152 142 141 145 158 160 185 149 149 167 174 170 133 106 146 163 164 203 187 179 140 89 107 94 94 115 133 167 137 124 121 102 98 79 88 82 83 86 93 51 46 48 43 33 33 33 33 33 33 33 33 33 33 33 33 33 33 33 33 33 33
54 57 51 51 51 51 51 51 51 51 51 51 51 51 51 57 51 74 59 73 94 108 107 117 117 111 108 108 108 108 108 108 112 124 116 108 107 127 134 131 129 107 125 167 208 166 124 100 99 124 173 183 177 187 189 194 159 217 192 127 115 115 131 119 109 94 94 84 91 98 109 88 78 88 94 62 53 42 33 33 33 33 33 33 33 33 33 33 33 33 33 33 33 33 33 33
56 56 51 51 51 51 51 51 51 51 51 51 51 51 51 66 70 74 86 96 102 135 156 145 135 120 128 127 114 121 115 127 129 118 98 98 101 101 116 115 111 118 103 113 105 114 97 97 105 124 140 156 182 211 242 300 256 200 229 234 188 180 133 152 138 122 109 126 92 93 96 104 100 78 72 63 69 39 35 33 33 33 33 33 33 33 33 33 33 33 33 33 33 33 33 33
97 86 102 100 87 122 69 53 51 51 56 51 51 51 51 51 51 56 85 74 111 141 110 130 134 145 135 140 123 120 119 122 106 98 98 98 103 100 106 116 99 93 88 91 90 109 97 110 118 132 147 190 187 207 234 207 162 225 210 199 185 254 185 197 160 134 123 101 87 85 85 84 83 81 90 103 91 57 42 33 33 33 33 33 33 33 33 33 33 33 33 33 33 33 33 33
119 106 114 121 135 110 84 98 81 51 51 51 51 51 51 51 56 68 72 72 72 80 80 80 127 172 208 120 105 105 105 101 101 98 98 98 98 94 94 107 94 90 88 95 90 94 115 121 118 131 131 134 174 187 134 152 163 165 165 220 224 265 241 229 195 171 129 127 102 98 98 83 95 89 112 85 85 55 33 33 33 33 33 33 33 33 33 33 33 33 33 33 33 33 33 33
116 115 132 122 123 122 104 100 75 82 67 63 84 104 91 83 83 75 87 98 116 122 111 92 80 103 160 192 169 181 109 101 104 112 112 110 102 94 98 89 86 88 92 93 96 89 102 106 113 122 103 103 103 108 118 159 191 242 238 241 231 257 234 249 220 181 169 133 101 99 89 91 95 95 70 70 80 68 52 64 46 42 33 33 33 33 33 33 33 33 33 33 33 33 33 33
103 136 140 126 150 133 122 123 178 127 95 109 88 155 139 136 107 93 93 99 132 124 128 136 127 193 287 297 299 174 220 113 166 194 186 194 169 121 100 86 86 86 91 81 89 89 97 100 105 98 119 122 127 131 117 117 149 173 181 190 231 198 190 203 237 177 137 121 103 92 84 81 81 93 90 81 69 86 80 82 61 78 69 35 33 33 33 33 33 33 33 33 33 33 33 33
116 143 169 198 230 182 182 200 201 161 110 147 142 95 148 140 163 143 153 131 133 177 193 216 213 182 186 177 180 182 166 130 214 243 275 270 207 161 120 96 92 95 82 78 78 87 100 93 98 103 98 109 109 122 117 117 117 117 123 151 151 171 183 192 181 138 121 134 117 101 85 81 103 79 79 87 71 64 58 107 76 94 71 57 46 33 33 33 33 33 33 33 33 33 33 33
156 174 152 171 173 193 175 163 151 176 162 253 298 176 153 140 140 176 176 183 150 212 237 227 187 181 161 203 224 185 107 82 119 141 158 149 139 127 113 107 79 82 72 84 87 96 93 102 104 98 112 148 162 139 136 132 134 182 175 185 203 210 195 200 176 155 157 123 130 126 90 82 90 100 90 70 76 79 62 50 41 83 79 54 65 40 33 33 33 33 33 33 33 33 33 33
168 181 163 160 171 171 151 151 151 151 198 205 221 305 246 235 169 177 176 180 216 265 283 270 231 197 126 126 93 91 81 87 84 155 127 125 104 96 72 77 70 72 91 94 116 144 126 107 137 123 112 120 135 163 156 160 169 166 173 201 226 264 236 231 194 191 188 188 166 126 89 76 96 78 64 68 67 69 44 46 37 35 44 34 51 34 35 33 33 33 33 33 33 33 33 33
228 233 275 300 272 212 251 166 151 151 151 189 187 226 228 222 201 196 201 269 206 170 247 297 292 289 280 169 161 130 75 75 75 82 83 85 78 76 70 70 71 76 86 146 208 166 179 247 159 158 138 139 211 176 176 201 225 209 195 199 202 216 209 213 204 189 178 155 161 126 112 73 62 62 63 62 65 50 51 35 34 38 34 39 34 51 37 33 33 33 33 33 33 33 33 33
180 203 236 269 277 279 261 196 190 189 191 151 115 143 156 170 140 190 243 168 176 120 107 108 133 183 177 175 125 106 75 76 75 76 76 91 93 92 87 84 70 77 89 144 234 356 280 326 304 290 223 187 204 191 199 196 195 207 179 178 174 178 203 187 248 185 157 127 123 112 112 80 90 62 62 69 62 50 45 42 34 34 36 35 42 38 33 33 33 33 33 33 33 33 33 33
186 228 256 261 369 260 240 249 223 182 167 175 155 115 111 93 93 103 88 91 182 121 93 153 140 145 100 81 75 75 91 104 74 89 200 224 193 179 160 101 70 94 97 136 253 333 393 513 320 270 206 231 175 160 161 191 204 160 160 160 169 156 154 150 147 145 145 153 151 134 116 126 134 96 87 67 58 53 52 36 54 34 68 61 53 33 33 40 33 33 33 33 33 33 33 33
112 208 290 300 295 328 278 253 212 199 195 155 162 153 209 168 96 93 71 82 79 72 88 102 129 96 114 88 90 131 175 183 132 61 128 237 359 252 184 70 148 190 112 125 154 174 268 432 312 344 250 159 154 184 160 160 160 194 219 183 175 192 177 171 216 244 227 256 195 189 187 171 161 127 92 101 72 58 51 49 38 101 88 65 49 39 33 36 33 33 33 33 33 33 33 33
94 135 260 340 365 339 308 271 267 278 284 261 229 245 187 105 76 71 72 71 71 71 71 71 71 71 71 76 71 71 99 135 161 136 61 108 194 201 118 70 92 138 189 232 348 351 219 277 230 158 282 182 154 193 211 257 231 206 175 175 175 183 171 171 194 249 319 358 251 208 238 259 157 121 153 143 117 73 64 46 53 112 99 90 79 71 58 41 33 33 33 33 33 33 33 33
211 252 242 310 350 245 249 281 264 254 202 132 112 111 111 125 120 133 110 109 109 111 139 91 71 98 76 71 71 71 71 71 99 149 77 59 84 70 70 86 188 202 163 166 157 192 105 105 105 105 105 154 273 274 270 255 191 191 194 233 228 212 178 194 171 173 216 221 232 259 245 235 205 260 334 215 161 145 114 82 49 88 93 108 86 68 57 45 33 33 33 33 33 33 33 33
293 266 295 227 181 181 195 175 173 171 135 124 162 144 166 205 212 188 169 154 159 164 122 136 142 148 142 119 108 81 71 72 41 43 39 39 70 80 71 93 100 100 100 100 100 100 122 150 170 158 139 159 203 216 216 272 191 265 235 211 279 260 292 236 226 200 194 218 225 230 230 256 321 398 501 475 401 259 177 132 67 114 109 77 90 66 52 33 33 33 33 33 33 33 33 43
475 505 463 340 224 185 175 207 196 167 176 188 188 198 200 229 174 174 206 161 154 132 125 156 140 174 183 182 127 172 104 85 120 39 62 106 97 110 99 101 107 101 100 104 113 162 250 331 339 356 355 332 333 434 306 252 209 331 379 376 280 285 359 410 346 191 180 180 215 222 241 185 233 273 334 356 424 202 134 108 78 54 95 76 65 56 33 33 33 33 33 33 33 33 33 40
315 388 297 318 286 203 261 248 158 174 178 201 166 144 144 149 137 86 80 127 115 97 128 121 108 75 109 140 136 121 83 49 21 76 60 78 80 105 151 207 162 132 133 131 139 113 113 113 113 113 157 228 228 228 256 335 349 360 326 298 336 443 425 444 423 354 273 212 147 103 135 201 158 202 203 221 196 122 89 68 72 49 50 51 50 47 34 33 33 33 33 33 33 33 33 45
214 151 151 184 231 285 168 167 219 100 78 68 75 84 79 75 77 67 34 34 34 53 66 76 65 61 34 50 54 119 98 57 21 53 130 213 186 158 137 171 206 222 203 238 207 247 217 193 311 276 218 268 360 228 228 228 228 228 228 240 288 400 323 365 325 315 331 262 155 141 95 85 113 118 124 137 115 72 62 53 52 49 49 61 52 43 40 41 33 33 33 33 33 33 33 50
342 151 158 189 210 187 167 142 109 149 88 57 34 34 34 34 34 34 38 56 38 34 34 34 34 34 34 63 21 35 21 22 21 72 147 193 222 307 313 271 263 283 209 297 245 176 249 343 478 532 434 562 484 339 261 296 385 298 291 252 284 350 323 323 403 456 339 455 427 247 143 98 85 64 73 70 88 57 49 50 49 49 49 49 51 38 36 36 34 33 33 33 33 33 33 66
118 109 109 124 194 109 76 76 76 76 76 80 94 89 78 63 56 96 86 131 97 96 55 61 66 34 67 44 129 21 21 21 34 46 118 135 207 220 202 266 293 230 200 210 285 280 176 208 232 289 263 411 486 511 440 437 455 501 501 357 347 317 516 323 413 430 412 348 182 129 93 85 74 68 62 62 52 51 49 49 49 49 49 49 102 67 46 40 35 33 33 33 33 33 47 79
310 281 220 109 109 130 125 121 150 173 146 145 134 153 139 105 131 159 188 129 86 71 65 33 21 21 21 21 81 110 81 21 21 69 145 180 143 122 154 151 142 160 177 153 176 178 159 172 221 232 254 272 281 371 407 360 243 354 398 299 364 447 554 579 593 408 403 423 237 171 225 227 242 148 105 78 63 53 49 49 49 49 63 60 65 71 60 58 39 33 33 33 33 33 72 111
185 193 155 109 196 212 222 178 191 252 231 188 165 139 121 78 75 60 60 60 66 49 33 37 80 35 53 76 21 49 21 21 21 21 22 72 62 133 134 183 173 117 89 116 137 160 159 196 216 185 141 205 198 278 197 207 190 220 280 365 325 320 384 361 356 339 330 365 289 551 476 400 373 382 227 158 111 69 87 85 74 64 49 43 45 38 58 45 42 46 33 33 33 53 132 126
197 224 138 242 210 238 278 327 341 330 260 203 168 140 120 104 81 88 84 64 60 53 71 40 27 22 22 21 21 33 44 22 21 21 21 52 75 128 137 108 94 55 116 139 153 165 159 159 159 246 243 135 180 178 126 123 181 195 189 184 348 243 231 350 282 370 286 351 350 383 448 401 275 299 316 230 172 151 118 112 75 68 61 40 38 46 38 38 38 35 33 33 37 90 160 137
252 226 146 191 191 214 260 319 296 267 208 231 262 180 162 175 159 145 162 98 167 170 215 179 144 80 64 31 53 21 21 21 21 21 21 21 21 21 34 67 54 62 55 103 103 180 196 261 185 145 147 135 186 137 121 216 201 198 174 138 136 139 212 199 231 291 310 286 268 209 254 387 244 327 387 283 179 160 135 116 89 82 64 43 52 38 42 41 47 33 33 33 52 90 178 160
267 209 153 218 265 293 288 262 256 259 244 223 153 170 226 231 229 156 179 129 99 135 184 197 186 149 107 95 166 98 130 60 21 21 21 23 37 61 48 54 145 102 108 109 140 103 174 169 159 141 121 121 125 121 125 149 149 174 159 168 122 89 121 137 161 183 188 137 157 171 179 209 352 329 391 405 306 229 182 115 85 85 81 70 64 56 43 53 35 33 33 33 62 105 143 165
261 203 220 245 214 167 188 201 208 208 210 169 125 89 139 159 161 137 146 90 80 37 77 105 114 83 109 95 95 100 77 37 31 21 21 49 138 210 56 155 224 209 250 222 291 279 175 108 92 121 146 123 121 126 167 153 159 164 203 184 129 104 75 74 75 89 137 183 257 306 416 345 334 313 350 317 238 194 145 118 112 109 102 91 57 39 35 36 37 33 33 38 74 131 157 152
246 317 232 190 115 98 89 89 71 71 71 65 61 61 61 91 101 77 59 94 54 37 25 22 43 43 120 104 95 125 133 32 30 21 21 21 30 55 71 73 93 241 262 211 178 139 156 102 92 131 222 261 279 216 166 194 192 159 168 158 138 99 98 71 68 75 99 158 392 371 327 280 247 242 321 318 265 227 219 140 119 100 108 91 60 47 35 37 40 33 33 57 99 131 155 147
256 166 230 194 161 130 120 128 104 74 130 165 172 149 82 61 8 4 2 2 18 35 2 43 97 45 84 130 196 198 142 83 41 21 21 21 21 21 21 31 42 38 175 198 128 62 78 92 152 115 123 158 157 184 249 237 217 210 234 209 189 119 82 68 68 70 86 165 388 301 208 236 218 166 152 189 204 179 217 139 118 106 97 92 68 43 42 34 33 33 33 69 121 160 159 154
170 109 109 109 189 163 135 73 67 90 243 294 233 177 148 161 111 57 97 30 0 0 0 55 112 76 66 66 77 117 128 77 29 21 21 43 54 72 21 39 107 176 36 69 57 71 71 123 176 176 140 148 156 190 261 265 217 210 238 224 169 128 94 77 68 68 68 78 101 129 177 257 186 157 142 129 128 121 109 110 100 85 88 78 65 38 34 33 33 37 56 89 127 170 185 169
