files_and_scripts/Scotland.asc
ncols         481
nrows         301
xllcorner     -8
yllcorner     54
cellsize      0.016667
NODATA_value  -9999
[rows 177 to 235 of 301, columns 96 to 191 of 481]
0 0 0 55 220 378 275 0 0 0 0 0 0 0 0 0 0 0 0 0 0 0 0 0 0 0 0 0 0 0 0 0 0 18 39 22 22 22 41 22 22 22 22 22 22 22 22 22 22 22 22 22 22 131 131 191 191 191 277 356 356 362 430 250 458 489 250 351 584 473 656 593 567 581 549 463 355 351 189 112 112 112 112 112 70 107 70 70 70 88 423 257 335 407 612 575
0 0 91 189 248 715 231 366 135 0 0 0 0 0 0 0 0 0 0 0 0 0 0 0 0 0 0 0 0 0 0 0 0 0 2 25 22 22 22 22 22 171 203 244 223 201 133 347 356 492 480 423 481 187 131 510 426 716 649 469 563 409 329 292 250 250 250 323 195 195 273 212 174 154 112 112 112 112 112 112 112 112 175 285 294 420 436 565 146 70 70 289 457 333 516 631
182 124 124 100 120 165 359 456 294 10 0 0 0 0 0 0 0 0 0 0 0 0 0 0 0 0 0 0 0 0 0 0 0 0 77 92 40 95 244 321 278 210 152 19 19 19 19 19 19 19 100 326 338 528 458 578 676 444 250 250 250 250 250 250 257 420 418 250 195 195 132 132 112 112 167 231 253 252 266 253 443 507 510 625 450 426 730 814 685 373 70 70 242 635 381 492
407 343 344 209 228 329 269 231 164 84 0 0 0 0 0 0 0 0 0 0 0 0 0 0 0 0 0 0 0 0 0 0 0 0 12 123 86 151 367 331 260 75 19 19 19 286 386 460 427 348 115 100 100 100 392 343 491 463 362 570 646 675 679 612 366 705 402 700 778 672 454 371 309 535 567 546 404 458 560 499 527 638 711 566 590 571 411 436 568 503 404 132 70 98 491 511
208 415 281 184 121 52 48 12 3 0 0 0 0 0 0 0 0 0 0 0 0 0 0 0 0 0 0 0 0 0 0 0 0 0 0 0 0 0 0 19 41 19 19 19 376 341 434 645 387 486 393 618 438 220 100 100 507 821 452 409 707 446 785 429 267 262 262 262 447 307 320 341 407 319 373 406 336 426 379 386 445 423 494 586 494 599 377 613 833 547 534 558 532 114 94 383
77 216 251 56 146 279 187 158 97 0 0 0 0 0 0 0 0 0 0 0 0 0 0 65 76 78 50 0 0 0 0 0 0 0 0 0 0 0 0 44 19 19 19 19 34 115 132 132 270 524 790 756 732 696 370 220 731 663 386 312 312 284 403 665 482 737 435 349 262 222 222 222 222 222 224 235 349 259 340 468 364 272 299 310 314 352 329 314 383 487 848 632 389 330 254 94
0 0 62 5 65 72 0 0 0 0 0 0 0 0 0 0 0 0 0 0 0 0 18 115 169 216 217 166 117 0 0 0 0 0 0 0 0 23 2 118 112 277 288 114 403 526 717 436 292 299 299 299 400 796 641 497 479 662 712 673 629 437 255 255 255 263 286 447 519 614 384 294 222 244 279 199 217 210 197 188 181 188 166 212 193 168 216 265 302 309 379 344 402 250 249 255
0 0 0 0 0 0 0 0 0 0 0 0 0 0 0 0 0 0 0 0 0 0 0 90 131 175 150 205 186 122 23 0 0 0 0 0 0 75 198 254 334 402 294 139 114 114 135 224 377 541 782 608 377 94 152 190 218 624 427 341 341 461 510 580 422 255 217 217 217 217 217 217 217 217 199 199 199 181 181 181 181 181 166 166 166 166 166 166 166 146 166 200 200 175 94 94
0 0 0 0 0 0 0 0 0 0 0 0 0 0 0 0 0 0 0 0 0 0 0 0 91 148 160 134 84 70 51 15 0 0 0 0 0 0 0 113 231 360 37 288 557 382 190 568 449 688 634 346 205 3 381 461 505 176 341 815 474 508 289 289 301 338 313 268 281 502 482 525 720 790 600 626 520 427 504 515 347 307 251 294 268 220 214 272 202 159 142 142 136 136 148 137
0 0 0 0 0 0 0 0 0 0 0 0 0 0 0 0 0 0 0 0 0 0 0 0 12 54 102 152 179 226 210 122 58 0 0 0 0 0 0 0 0 37 356 519 433 651 599 418 585 263 0 0 0 0 0 21 127 192 290 268 568 270 311 660 815 610 768 419 268 634 793 534 553 467 251 251 251 251 251 251 251 251 251 251 285 389 494 482 433 397 359 373 359 327 216 162
0 0 0 0 0 0 0 0 0 0 0 0 0 0 0 0 0 0 0 0 0 0 0 0 14 46 162 190 266 266 173 184 131 59 67 29 0 0 0 0 0 18 95 125 75 344 297 318 189 0 0 18 434 530 485 670 487 259 192 192 270 459 475 311 766 794 563 268 292 316 404 536 630 718 616 651 411 460 559 603 566 555 477 381 300 257 395 454 647 597 557 520 490 454 437 380
0 0 0 0 0 0 0 0 0 0 59 48 0 0 0 0 0 0 0 25 0 0 0 0 0 0 12 89 247 116 128 128 140 125 78 52 0 0 0 0 0 0 0 0 0 0 0 0 0 0 0 166 86 332 438 361 206 206 232 374 305 391 690 548 544 483 483 924 698 663 447 639 528 731 506 434 374 398 266 266 266 266 487 579 405 334 237 251 329 482 628 583 693 606 575 544
0 0 0 0 0 0 0 0 0 43 76 43 19 0 0 0 0 0 117 99 48 0 0 0 0 0 0 0 26 147 239 286 229 122 86 63 6 3 0 0 0 0 0 0 124 175 359 284 274 571 794 669 472 683 470 475 502 542 703 449 859 532 473 691 715 566 661 415 401 292 292 292 292 292 292 292 292 292 285 433 346 282 266 266 232 226 213 210 210 257 253 314 363 386 451 482
0 0 0 0 0 0 54 103 0 0 0 0 0 0 0 0 0 0 115 286 168 6 0 0 0 0 0 0 0 0 0 44 87 79 76 112 1 1 0 0 0 0 0 82 175 259 384 434 471 509 451 285 423 264 520 355 263 775 565 898 618 511 140 140 140 140 175 191 357 701 589 574 612 383 325 633 593 731 652 847 914 828 524 687 511 268 258 212 210 210 210 210 210 210 210 210
0 0 0 0 0 0 0 77 114 140 141 157 361 461 73 0 0 0 179 85 23 28 56 0 0 84 201 200 103 163 51 45 55 20 36 15 100 361 362 142 114 1 0 0 123 220 248 307 398 344 185 166 166 166 475 220 293 656 259 274 413 127 152 801 790 673 552 797 582 659 646 638 507 365 609 957 751 510 890 758 664 560 405 343 290 321 374 313 319 285 294 250 224 235 246 232
0 0 139 230 310 212 21 14 172 249 751 807 384 179 40 172 117 51 161 415 155 264 125 0 37 186 184 146 148 235 213 218 132 79 20 71 129 291 433 522 421 340 156 0 0 0 5 149 196 238 277 269 322 200 144 167 566 768 493 70 127 127 547 827 640 491 452 452 452 452 471 714 727 404 760 853 506 498 480 770 648 635 555 519 679 482 434 425 433 432 489 351 350 325 320 332
0 50 122 294 355 228 14 93 327 461 750 346 179 270 252 180 173 51 673 512 257 69 0 31 143 231 78 32 73 200 155 142 107 54 85 123 155 213 241 316 441 220 177 82 0 0 0 5 22 22 118 144 144 144 161 356 337 127 10 63 402 439 815 294 130 452 746 980 768 821 523 325 325 532 699 683 646 325 606 709 607 657 859 700 798 621 458 443 636 629 493 458 448 473 547 564
47 0 0 0 206 261 106 81 361 605 680 629 263 327 95 220 93 464 544 428 142 36 180 156 680 449 313 32 37 62 35 29 20 51 79 111 130 148 196 386 543 654 527 428 5 142 111 132 182 237 366 486 536 492 313 121 10 10 10 10 10 10 13 130 649 538 675 507 423 423 431 449 337 325 325 325 325 325 325 489 632 727 512 438 686 464 470 430 361 462 537 519 581 539 495 624
381 184 158 2 183 255 358 261 81 138 229 771 676 504 79 116 695 217 244 222 298 97 167 270 214 244 182 137 25 54 0 0 0 3 10 33 99 101 151 174 246 340 472 447 195 3 37 57 199 115 239 379 357 243 10 10 81 463 636 798 614 555 315 115 198 645 818 423 514 586 964 813 848 693 794 518 531 731 342 325 325 325 325 325 385 367 326 445 454 361 306 306 359 397 440 556
300 176 317 120 97 208 172 179 223 290 370 327 285 228 64 59 365 511 228 35 35 249 27 124 108 28 34 0 0 0 0 0 0 0 0 0 0 13 48 86 42 3 3 3 3 3 3 3 3 3 3 3 72 10 122 300 459 331 331 403 478 539 629 438 499 511 704 471 389 655 928 751 920 632 544 769 968 787 919 490 767 695 525 325 325 299 299 299 328 358 353 330 205 259 308 356
266 213 172 180 171 135 86 165 239 260 287 250 108 59 59 153 211 590 165 155 73 0 14 49 28 129 307 163 12 0 0 0 0 0 0 0 0 0 0 0 2 8 98 72 74 3 34 9 4 13 51 12 10 10 129 349 389 516 522 516 482 501 460 259 333 333 333 484 384 567 614 687 460 862 529 404 747 902 770 788 615 607 526 511 522 366 493 464 299 280 375 300 264 205 205 253
239 166 132 21 21 21 21 128 131 91 91 89 89 69 59 59 179 517 216 104 243 10 0 28 137 281 228 227 167 0 0 0 0 0 0 0 0 0 0 0 4 60 126 116 171 147 178 193 439 339 179 237 331 353 175 129 290 319 297 129 129 129 129 344 365 462 376 333 333 439 620 412 413 610 706 404 716 655 795 809 836 1096 814 827 789 640 594 541 504 383 280 264 402 318 248 205
67 90 19 158 153 185 237 275 315 293 195 126 116 186 325 335 59 0 0 0 0 0 0 30 52 63 45 24 0 0 0 0 0 0 0 0 0 0 0 0 0 0 29 38 64 123 108 183 335 314 339 209 196 186 297 220 129 129 129 129 269 542 780 685 670 647 513 574 526 333 465 591 412 404 404 404 404 404 456 628 438 587 530 668 690 731 584 739 719 643 538 526 407 286 205 205
19 19 131 127 185 196 317 365 272 274 282 196 100 174 214 231 221 78 0 0 4 81 32 0 0 0 0 0 0 0 0 0 0 0 23 0 0 0 0 0 0 0 0 2 25 79 84 139 298 276 158 158 158 234 276 270 312 260 324 129 332 577 594 603 523 292 788 839 535 563 718 556 425 708 574 645 519 432 404 404 404 404 391 391 391 391 391 391 431 436 568 626 577 570 518 343
98 113 169 216 283 253 303 174 259 218 149 153 78 130 178 181 61 0 0 0 58 114 154 195 10 0 0 0 0 0 0 0 0 1 10 0 0 59 65 5 0 0 0 0 0 0 0 0 0 28 172 158 158 229 334 340 326 301 241 191 129 129 197 197 278 546 501 518 567 404 688 800 543 438 891 943 657 1003 618 602 930 631 588 720 607 391 687 458 391 339 339 339 294 370 439 392
64 64 104 104 220 193 145 159 149 149 265 200 75 120 160 78 0 0 0 2 138 219 250 272 174 0 0 0 0 0 0 0 0 0 0 65 53 166 296 266 248 63 0 0 0 0 32 70 63 105 328 158 158 158 158 326 446 356 296 317 258 317 288 197 232 277 306 542 458 355 357 454 466 355 453 507 652 813 1030 820 965 859 782 868 838 790 726 766 576 479 522 422 385 294 294 294
208 156 139 172 150 115 108 108 187 353 262 192 12 52 50 144 126 0 0 0 75 225 368 122 0 0 0 0 0 0 0 0 0 0 0 86 75 125 261 326 362 428 308 120 0 0 0 8 49 139 259 274 158 158 158 158 158 158 158 158 158 343 331 286 214 317 573 506 510 393 355 355 355 355 429 496 372 447 565 429 420 635 601 433 543 633 439 515 496 584 438 651 746 674 554 493
119 150 147 154 129 135 108 156 252 242 310 310 17 12 94 203 19 0 0 0 97 249 288 0 0 0 0 0 0 0 0 0 0 0 0 3 92 284 308 342 430 463 592 576 246 161 49 0 44 44 44 238 160 158 158 158 158 158 249 339 288 393 496 406 235 266 266 326 381 355 463 628 479 355 355 355 355 355 361 425 392 355 379 358 318 318 318 318 318 318 318 318 318 318 318 486
139 163 160 177 144 157 108 126 204 161 75 59 38 50 0 0 0 0 0 26 199 331 286 0 0 0 0 0 0 0 0 0 0 0 0 43 244 311 353 337 407 574 648 507 391 127 255 71 49 202 436 389 314 258 158 158 158 158 158 158 175 249 352 435 370 374 269 381 660 828 594 675 841 753 659 382 355 355 355 355 355 355 370 318 318 502 642 415 364 412 424 514 363 515 386 264
223 163 145 119 114 83 80 70 44 44 49 56 89 103 245 184 0 0 0 0 148 189 50 0 0 0 0 0 0 0 0 0 0 0 0 0 110 217 262 322 390 413 564 386 384 671 408 197 49 88 274 397 554 565 682 435 158 158 158 158 217 392 322 280 486 446 280 303 666 634 675 467 467 364 355 355 591 431 503 456 355 355 355 327 645 494 670 557 690 595 717 498 655 767 615 527
152 209 111 173 65 72 35 35 63 104 223 177 256 175 211 270 0 0 0 0 0 74 76 78 0 0 0 0 0 0 0 0 0 91 247 182 14 73 193 209 362 551 383 383 720 485 347 204 123 77 62 124 203 330 413 383 474 391 219 158 158 158 158 455 383 561 609 721 636 516 635 799 846 950 967 714 473 835 635 594 355 699 589 565 376 730 835 893 814 768 730 914 789 840 673 870
140 131 100 44 28 35 43 65 157 368 331 470 378 139 198 274 0 0 0 0 0 0 0 4 189 0 0 0 0 0 0 0 0 197 317 454 499 125 73 281 312 251 384 728 489 290 368 458 284 90 58 172 138 251 497 594 585 439 370 158 286 439 188 158 335 266 316 412 311 757 698 370 333 405 626 551 860 946 816 565 545 684 735 597 395 376 557 596 495 515 469 534 648 497 732 524
127 112 47 24 5 31 50 94 139 139 181 246 313 199 139 193 0 0 0 0 0 0 0 0 113 1 0 0 0 0 0 0 42 178 289 389 486 398 424 262 251 429 413 323 224 323 308 138 90 311 58 218 407 346 259 387 421 556 354 216 486 860 530 180 158 158 158 158 208 216 323 280 704 686 538 438 438 438 438 416 410 410 520 645 654 441 526 486 564 565 610 362 362 362 362 362
40 47 62 5 31 52 129 257 313 286 242 291 395 413 268 50 0 0 0 0 0 0 0 0 0 1 0 0 0 0 0 0 26 111 249 348 358 418 314 249 481 278 196 253 279 215 41 131 467 144 54 232 800 425 433 375 352 406 314 748 885 387 367 393 397 372 312 339 178 178 212 311 314 627 884 711 795 802 746 676 466 479 285 288 690 635 623 622 486 285 447 405 432 529 564 473
10 9 5 77 81 157 237 342 293 300 298 588 327 470 285 173 0 0 0 0 0 0 0 0 0 17 0 0 0 0 0 0 0 69 233 313 301 259 196 201 212 142 130 119 20 3 434 233 134 54 344 396 228 384 680 297 456 410 441 580 652 631 545 463 290 238 201 537 603 518 489 212 212 297 552 557 490 517 626 505 613 323 285 285 285 285 285 285 285 285 285 285 494 512 624 620
0 0 37 58 99 194 288 210 210 227 440 429 184 207 187 137 0 0 0 0 0 0 0 0 15 26 0 0 0 0 0 0 0 55 138 181 142 147 202 116 99 140 3 3 3 37 10 3 3 3 10 44 3 3 23 99 288 279 186 243 449 528 558 464 349 154 154 323 441 518 363 301 402 346 223 222 223 271 301 300 317 372 377 369 407 493 468 502 548 476 294 285 285 301 500 552
0 11 52 156 214 170 210 226 289 435 240 252 153 202 140 161 0 0 0 0 0 0 0 0 0 0 21 0 0 0 0 0 0 24 26 70 114 96 150 7 0 0 18 3 7 3 3 3 3 3 3 3 3 15 257 324 99 99 99 99 278 545 389 216 141 176 233 260 260 302 379 367 401 497 536 306 222 222 222 261 374 425 467 446 447 431 389 389 655 627 645 476 381 285 285 285
0 0 73 188 290 348 336 294 391 329 189 122 116 93 72 72 0 0 0 0 0 0 0 0 0 40 30 0 0 0 0 0 0 0 35 52 83 42 0 0 0 0 111 20 280 275 211 247 312 355 283 132 446 516 633 578 835 639 488 249 225 141 141 141 141 256 308 414 338 260 260 260 260 260 348 387 442 467 433 222 256 243 279 275 314 389 433 545 797 588 573 478 455 285 324 399
0 0 0 107 121 121 188 322 491 336 189 84 88 105 123 24 0 0 0 0 0 0 0 0 0 0 1 0 0 0 0 0 0 0 0 15 0 0 0 0 0 37 136 180 167 233 330 379 508 787 356 438 419 485 369 357 390 756 938 609 858 800 662 365 227 107 153 330 424 353 271 363 335 321 340 340 340 392 351 236 222 222 222 222 222 234 259 276 271 282 274 365 349 346 350 365
0 82 206 114 235 322 260 187 201 174 118 84 64 84 75 0 0 0 0 0 0 0 0 0 0 0 0 0 0 0 0 0 0 0 0 0 0 0 0 0 45 159 189 161 211 294 339 351 468 577 565 429 472 439 422 360 357 399 732 414 645 516 483 417 268 118 45 219 219 444 501 473 486 448 414 558 628 530 568 618 466 436 388 386 222 222 222 222 222 222 222 222 222 222 257 277
0 32 82 208 216 390 375 252 106 131 95 61 80 92 0 0 0 0 0 0 0 0 0 0 0 0 0 0 0 0 0 0 0 0 0 0 0 0 0 0 117 162 217 251 348 420 492 556 387 309 313 409 447 437 394 282 704 560 248 240 597 794 529 422 175 32 32 301 276 219 291 326 328 337 346 329 369 633 700 670 482 404 322 317 402 330 349 291 283 238 250 234 237 275 126 126
13 29 92 336 253 280 381 260 199 106 12 16 8 0 0 0 0 0 0 0 0 0 0 0 0 0 0 0 0 0 0 0 0 0 0 0 0 0 87 127 222 250 278 264 282 304 341 295 307 476 691 435 403 560 343 249 471 377 228 147 470 348 97 32 32 272 464 425 397 370 266 266 266 269 283 283 283 283 283 283 283 292 329 306 306 306 331 367 513 486 459 366 222 194 288 271
10 44 74 139 102 285 409 374 190 136 0 0 0 0 0 0 0 0 0 0 0 0 0 0 0 0 0 0 0 0 0 0 0 0 0 5 23 90 154 188 179 162 181 188 196 211 231 240 388 479 418 365 348 386 260 239 338 353 309 68 32 32 32 148 390 387 367 470 413 347 332 295 402 382 361 492 646 628 525 323 283 283 306 306 306 306 317 353 399 289 289 234 299 309 470 365
0 0 0 115 95 84 91 104 94 20 0 0 0 0 0 0 0 0 0 0 0 0 0 0 0 0 0 0 0 0 0 0 0 0 0 0 59 84 73 85 124 96 95 120 192 255 156 119 190 167 246 399 258 297 128 110 151 34 32 32 32 237 499 844 879 683 445 391 336 332 399 295 325 325 413 387 387 475 439 283 502 590 483 401 455 469 540 902 640 389 347 516 423 422 515 525
0 0 0 0 39 19 35 65 0 0 0 0 0 0 0 0 0 0 0 0 0 0 0 0 0 0 0 0 0 0 0 0 0 0 0 0 0 18 50 50 48 55 143 59 87 83 119 139 124 139 359 208 32 32 32 32 32 32 33 215 271 369 338 366 351 336 336 336 409 452 343 361 546 529 560 610 686 393 530 706 442 839 479 791 634 816 642 556 526 424 527 627 505 650 600 473
0 0 0 19 19 36 47 0 0 0 0 0 0 0 0 0 0 0 0 0 0 0 0 0 0 0 0 0 0 0 0 0 0 0 0 0 0 0 13 25 35 20 0 26 82 105 230 221 204 269 305 43 43 32 32 32 181 279 335 501 695 738 737 338 396 485 710 763 608 740 459 339 364 364 364 452 679 662 695 458 601 857 647 1088 895 716 724 537 413 386 557 708 519 386 331 309
0 0 0 0 0 0 0 0 0 0 0 0 0 0 0 0 0 0 0 0 0 0 0 0 0 0 0 0 0 0 0 0 0 0 0 0 0 0 0 0 0 0 0 14 97 245 236 258 385 297 102 32 32 32 353 460 441 355 683 316 403 601 429 655 768 417 353 513 935 672 391 322 512 612 434 364 364 384 585 310 672 739 632 541 474 650 541 639 504 328 336 332 309 309 309 454
0 0 0 0 0 0 0 0 0 0 0 0 0 0 0 0 0 0 0 0 0 0 0 0 0 0 0 0 0 0 0 0 0 0 0 31 60 0 0 41 46 41 24 100 170 262 252 205 230 226 32 32 87 208 338 467 206 186 188 185 225 225 452 638 780 641 400 214 560 585 292 554 499 669 507 531 421 370 288 288 297 473 449 511 459 402 300 300 300 300 346 309 330 490 602 655
0 0 0 0 0 0 0 0 0 0 0 0 0 0 0 0 0 0 0 0 0 0 0 0 0 0 0 0 0 0 0 0 0 0 0 0 76 74 51 69 72 95 84 97 205 220 125 141 100 16 37 81 140 117 207 218 192 171 185 425 621 802 703 581 586 392 265 214 404 656 400 214 390 444 427 394 361 357 319 306 288 211 313 217 217 278 444 592 447 452 319 309 555 709 556 580
0 0 0 0 0 0 0 0 0 0 0 0 0 0 0 0 0 0 0 0 0 0 0 0 0 0 0 0 0 0 0 0 0 0 0 0 62 140 140 137 119 152 178 159 130 118 109 3 11 15 64 37 173 211 189 180 171 171 275 418 638 656 484 322 432 645 494 214 214 214 214 214 371 433 463 321 331 376 373 346 349 216 118 302 585 610 544 533 448 631 498 384 774 796 702 572
0 0 0 0 0 0 0 0 0 0 0 0 0 0 0 0 0 0 0 0 0 0 0 0 0 0 0 0 0 0 0 0 0 0 0 0 61 190 220 202 225 260 193 179 117 45 0 0 73 24 23 58 187 208 196 171 186 234 570 612 405 576 286 251 552 214 214 214 214 437 603 403 366 363 321 371 406 409 454 408 333 108 132 436 639 593 582 646 935 648 790 384 754 745 836 752
0 0 0 0 0 0 0 0 0 0 0 0 0 0 0 0 0 0 0 0 0 0 0 0 0 0 0 0 0 0 0 0 0 0 0 0 44 120 160 181 213 214 162 123 1 0 0 0 0 22 95 141 196 190 190 200 162 177 384 286 416 313 264 214 214 214 316 658 788 550 556 327 344 364 346 308 469 395 407 382 108 160 335 394 490 649 544 590 953 814 769 805 584 584 611 538
0 0 0 0 0 0 0 0 0 0 0 0 0 0 0 0 0 0 0 0 0 0 0 0 0 0 0 0 0 0 0 0 0 0 0 0 142 225 241 258 219 151 70 34 10 0 0 0 0 48 125 105 128 171 161 192 114 215 221 291 239 91 214 237 230 289 535 515 669 782 874 458 217 104 147 202 295 427 400 281 27 170 184 242 244 507 564 674 866 850 776 584 584 584 685 609
0 0 0 0 0 0 0 0 0 0 0 0 0 0 0 0 0 0 0 0 0 0 0 0 0 0 0 0 0 0 0 0 0 0 0 0 145 236 290 236 73 75 49 6 0 0 15 17 0 1 58 132 160 233 115 122 103 183 194 175 91 99 203 313 240 516 390 461 635 661 367 242 104 104 333 340 365 345 222 27 70 342 368 472 448 518 605 591 664 610 668 761 719 725 658 646
0 0 0 0 0 0 0 0 0 0 0 0 0 0 0 0 0 0 0 0 0 0 0 0 0 0 0 0 0 0 0 0 0 0 0 0 133 243 134 41 74 83 26 0 0 0 0 0 21 44 80 49 85 121 108 96 25 30 163 78 78 216 215 254 412 438 247 113 50 0 0 104 116 275 356 353 363 335 27 27 179 330 406 545 650 615 495 355 367 579 780 509 651 378 548 621
0 0 0 0 0 0 0 0 0 0 0 0 0 0 0 0 0 0 0 0 0 0 0 0 0 0 0 0 0 0 0 0 0 0 0 0 0 0 0 26 0 23 17 0 0 0 76 82 105 73 76 48 7 0 0 0 0 45 46 147 103 231 214 195 56 0 0 0 0 0 45 131 224 492 324 308 128 27 27 163 309 398 408 598 527 432 315 289 385 563 445 343 386 378 526 476
0 0 0 10 0 0 0 0 0 0 0 0 0 0 0 0 0 0 0 0 0 0 0 0 0 0 0 0 0 0 0 0 0 0 0 0 0 0 0 0 0 0 0 0 0 0 26 32 37 40 16 0 0 0 0 0 47 0 0 49 132 181 112 46 0 0 265 378 458 393 311 245 209 149 4 3 27 145 433 510 438 386 450 431 407 285 338 289 289 307 318 281 281 333 321 344
0 0 95 0 23 0 0 0 0 0 0 0 0 0 0 0 0 0 0 0 0 0 0 0 0 0 0 0 0 0 0 0 0 0 0 0 0 0 0 0 0 0 0 0 0 0 48 80 122 94 43 0 0 0 0 0 0 0 1 104 51 0 0 0 0 209 319 557 386 259 284 148 0 0 3 82 231 272 241 223 215 215 215 215 215 215 333 323 289 289 371 364 326 249 347 259
0 0 0 0 0 0 0 0 0 0 0 0 0 0 0 0 0 0 0 0 0 0 0 0 0 0 0 0 0 0 0 0 0 0 0 0 0 0 0 0 0 0 0 0 0 0 0 14 31 13 26 0 0 0 0 0 0 0 0 0 0 64 104 80 5 0 0 0 0 8 0 0 15 46 181 176 157 160 168 195 252 266 260 358 466 431 317 289 363 468 318 251 389 372 249 205
