files_and_scripts/Scotland.asc
ncols         481
nrows         301
xllcorner     -8
yllcorner     54
cellsize      0.016667
NODATA_value  -9999
[rows 59 to 117 of 301, columns 192 to 287 of 481]
195 171 177 149 209 145 151 142 125 108 102 86 82 86 105 70 42 42 89 76 50 88 113 90 66 119 272 423 489 485 305 257 243 207 227 181 149 140 140 150 221 140 111 73 73 106 98 129 46 69 123 143 125 80 53 51 50 82 53 54 152 76 82 87 210 219 89 70 70 51 51 12 9 43 0 34 72 17 11 6 6 5 0 7 9 10 20 7 23 21 14 12 12 29 12 10
192 176 174 195 201 152 142 152 122 101 90 91 118 131 91 55 49 82 138 195 165 116 96 122 176 66 144 402 544 330 269 243 303 342 271 225 168 186 140 171 114 107 73 93 78 55 53 48 63 135 175 139 94 104 102 79 109 126 107 75 83 106 115 82 94 92 153 134 157 122 64 59 11 5 15 73 47 10 10 17 14 16 20 25 24 15 34 43 40 34 25 25 20 38 43 41
211 223 264 233 158 142 153 134 125 114 119 120 102 92 86 49 114 154 199 281 246 290 190 144 213 229 136 139 298 280 332 259 263 409 391 256 165 104 104 104 104 94 73 73 55 86 139 121 131 144 136 123 94 134 125 112 108 121 154 135 121 116 130 121 113 93 99 127 154 136 52 20 10 5 38 33 16 10 22 12 20 44 39 41 36 57 56 61 56 38 48 46 35 70 72 84
271 261 245 195 170 142 162 146 145 118 114 170 112 60 49 85 148 251 300 294 373 298 277 270 337 323 284 253 266 210 231 224 239 245 155 138 138 104 134 264 195 183 73 82 83 102 177 161 178 156 132 94 94 190 137 165 154 181 121 139 132 128 126 97 97 120 124 142 112 115 12 11 6 41 54 23 10 12 19 14 34 87 84 102 72 60 73 89 74 75 89 35 43 80 108 103
199 197 181 170 162 145 157 125 123 125 115 114 79 55 63 52 141 241 313 470 655 348 386 365 538 645 360 252 461 266 210 193 197 277 222 365 246 202 224 197 76 73 73 76 97 216 186 177 231 170 185 167 101 152 169 278 225 247 213 124 106 98 98 107 85 94 134 72 60 33 58 14 25 59 31 19 18 11 16 52 64 117 150 117 80 57 58 42 35 35 35 35 35 116 100 74
181 169 150 142 141 141 141 141 167 138 136 118 96 95 102 71 79 134 292 334 575 650 425 561 288 457 483 249 307 316 204 193 193 193 210 214 257 186 171 101 73 91 92 92 145 157 167 267 221 201 193 151 128 178 166 229 241 279 213 205 199 133 108 113 104 84 110 44 18 18 18 22 19 26 13 13 11 27 50 89 181 233 139 104 57 81 44 79 106 96 87 85 75 81 74 74
171 157 146 151 141 141 151 183 175 146 169 172 164 180 126 116 204 121 121 264 298 298 298 320 288 288 288 206 204 204 241 206 265 325 193 194 245 167 139 135 73 81 137 126 127 139 162 168 172 169 169 141 173 183 218 240 263 256 272 199 205 163 121 76 186 203 82 45 34 30 20 18 22 19 27 14 13 70 130 166 201 179 88 57 62 59 66 84 74 111 187 177 150 146 142 132
177 141 141 141 141 163 185 167 158 160 211 214 229 306 203 173 233 312 383 248 384 341 393 374 288 288 298 371 544 324 277 272 300 219 176 158 133 133 133 133 97 115 139 231 179 215 195 186 217 236 185 160 212 214 214 249 228 222 222 249 361 233 90 55 41 41 30 30 28 25 25 18 18 21 16 13 64 95 129 203 156 57 57 57 57 57 74 73 89 127 130 178 172 210 184 245
141 141 162 187 178 160 185 179 166 174 216 239 345 268 188 173 254 363 522 464 314 361 351 573 288 288 428 442 685 615 400 389 252 244 148 133 133 146 133 148 129 181 187 185 243 302 363 267 211 195 185 169 192 238 240 295 315 301 274 182 117 90 208 181 132 92 75 56 40 22 18 18 18 29 37 98 131 171 132 113 73 57 57 57 57 57 69 83 130 92 107 135 193 188 245 233
141 204 188 210 200 195 208 202 215 228 200 247 239 247 216 196 266 362 500 689 604 565 493 516 288 292 373 580 392 316 354 242 318 254 195 137 133 133 144 182 190 250 245 280 262 238 238 283 341 258 210 203 254 307 221 209 209 175 119 90 90 113 141 135 178 123 59 24 20 18 18 45 47 72 55 174 128 184 145 80 75 58 57 57 57 59 64 99 182 143 187 118 140 140 165 199
178 144 160 200 235 269 312 272 263 262 235 240 239 244 229 273 294 419 598 712 479 478 589 452 321 428 597 627 678 316 319 170 170 170 170 207 178 133 177 228 201 221 240 249 303 294 280 235 249 252 220 222 279 331 398 240 257 174 120 132 90 90 153 167 96 57 32 57 59 67 104 124 103 121 117 117 96 121 66 60 58 57 57 57 57 60 72 91 220 212 181 130 221 209 229 195
179 219 209 227 246 247 348 361 334 326 272 296 310 257 263 313 425 543 569 416 410 385 550 340 283 400 689 518 483 336 316 255 233 215 172 155 133 141 236 237 228 309 295 271 271 320 328 265 235 235 194 226 259 275 294 245 203 227 145 90 131 132 109 194 167 37 127 226 148 198 178 190 131 148 103 88 88 89 62 67 57 57 90 57 68 88 122 86 185 193 219 190 172 232 241 195
141 141 150 150 205 226 284 297 343 399 503 502 375 274 349 405 471 672 688 360 311 396 292 271 256 300 565 446 440 335 277 280 310 209 242 177 133 176 199 246 290 268 268 291 317 289 303 363 392 306 234 194 144 180 144 144 136 136 136 177 315 221 135 89 89 177 173 221 281 237 248 213 135 117 124 127 115 88 78 73 76 76 57 57 85 129 171 152 189 196 211 204 198 196 267 296
165 198 240 190 150 181 219 197 302 365 399 449 396 331 412 441 522 618 485 306 306 306 294 280 248 269 341 508 426 431 290 246 260 266 212 188 175 264 240 199 199 266 276 266 340 371 269 257 231 262 259 256 144 144 167 240 216 143 280 301 260 122 89 89 108 89 114 257 284 262 254 214 148 320 230 260 251 196 122 98 86 78 73 62 87 152 196 187 164 164 177 223 221 202 201 249
219 165 180 208 275 150 150 230 295 318 264 244 327 367 389 421 420 415 420 426 306 319 311 301 238 217 312 519 465 324 270 246 246 246 234 257 236 304 286 214 270 294 266 307 368 437 438 338 231 231 231 231 298 252 219 167 172 144 152 130 89 89 89 89 89 89 139 213 319 310 230 212 190 343 300 351 338 242 223 146 125 144 130 89 77 119 191 179 219 181 164 224 238 262 279 260
236 177 172 205 239 315 218 204 204 204 204 321 301 327 296 365 327 372 334 326 363 448 342 374 414 381 217 387 314 246 246 253 252 299 332 370 476 315 358 257 248 326 372 315 356 442 338 346 424 301 263 310 309 219 326 292 220 112 112 89 89 89 89 89 91 128 160 308 294 276 247 258 272 231 366 355 334 317 238 199 125 204 164 111 77 93 210 229 312 299 301 203 219 234 236 233
85 100 161 230 251 254 251 268 353 295 289 341 371 333 296 309 284 289 349 336 314 374 262 254 255 292 217 327 249 256 376 275 300 431 452 651 654 442 387 271 331 256 327 532 489 338 380 494 449 298 263 263 299 390 303 184 265 223 173 158 125 89 89 89 105 158 198 242 255 273 247 345 316 255 274 361 362 298 225 176 174 179 165 122 77 105 159 230 320 352 357 308 288 230 283 249
51 51 51 51 68 99 171 150 235 270 335 297 257 257 246 296 298 242 376 272 272 287 278 284 226 217 217 226 255 306 299 317 373 350 359 644 481 543 350 420 389 256 380 527 560 591 495 460 348 264 461 475 372 349 352 184 184 158 158 172 92 89 150 204 162 194 303 387 336 300 398 346 450 406 355 326 302 237 272 260 176 182 128 108 84 136 233 239 418 346 318 390 291 277 296 284
86 140 138 77 51 51 60 146 223 255 300 274 332 273 207 180 242 242 274 272 272 300 272 299 217 310 297 317 343 426 349 323 317 343 423 516 592 515 612 518 579 548 291 470 468 497 457 450 401 404 341 414 326 326 336 330 217 213 158 176 89 127 127 207 234 442 324 538 508 435 430 404 596 539 413 329 278 258 218 196 178 166 123 92 135 219 300 268 407 419 327 380 314 342 312 265
90 129 169 179 201 132 92 60 60 76 158 160 195 164 211 180 323 290 324 296 273 245 245 275 212 256 264 385 435 442 457 415 338 390 440 447 475 580 518 521 577 583 545 507 420 420 420 451 405 348 326 326 326 473 426 359 311 297 158 225 116 181 168 144 299 335 544 549 553 489 439 547 466 534 398 359 274 256 214 223 216 104 104 133 191 286 408 310 354 371 411 402 372 430 260 270
99 156 138 172 185 174 155 207 60 61 72 120 130 102 114 126 178 222 294 336 310 352 258 212 212 213 319 331 442 443 456 416 433 474 431 408 425 531 476 473 517 622 522 519 521 501 505 420 326 326 407 454 378 422 333 325 300 251 167 193 116 169 161 195 352 404 663 516 602 573 393 470 424 469 382 375 390 284 256 192 138 107 104 120 253 411 418 405 310 491 458 373 334 298 317 260
81 116 118 125 136 157 168 98 90 63 61 61 84 118 161 217 235 271 282 290 272 212 212 212 212 224 229 320 375 368 448 483 560 482 479 397 455 462 442 318 697 506 493 517 421 373 373 373 366 326 393 359 363 290 254 269 258 216 192 190 259 245 227 352 478 355 416 606 670 510 350 370 463 446 454 354 284 312 281 167 209 107 112 149 167 167 330 452 441 642 521 406 419 403 405 306
33 76 130 181 160 130 96 64 61 61 70 83 92 111 130 171 202 248 237 172 212 242 268 315 378 377 386 320 320 323 408 405 405 383 411 356 321 371 279 346 484 492 515 453 463 439 379 380 333 298 216 216 216 216 216 216 216 240 330 354 372 231 273 441 352 495 374 460 643 455 367 338 355 420 377 293 357 285 240 282 212 190 188 318 301 281 167 307 433 615 520 618 520 457 393 366
0 0 45 91 124 157 157 119 113 61 84 116 155 183 149 150 178 257 172 256 310 327 381 421 354 348 345 313 267 303 295 281 248 260 295 285 304 226 397 415 568 575 545 469 406 347 313 259 223 225 220 216 216 216 225 225 216 216 216 372 359 505 508 546 552 414 421 318 355 324 328 328 395 439 491 454 374 240 321 278 190 229 382 352 372 507 340 167 353 563 494 469 587 558 519 484
0 0 73 148 277 208 155 127 88 74 64 56 64 93 106 147 168 142 170 263 270 288 339 308 326 366 319 301 299 254 248 248 265 217 210 227 210 218 277 297 331 353 321 298 251 229 216 216 216 216 216 216 216 216 246 269 303 327 357 460 456 440 514 646 518 447 522 373 318 329 349 345 469 513 414 355 364 326 382 320 190 235 397 566 601 691 593 272 168 446 575 469 545 316 407 529
0 0 29 124 221 246 247 156 106 81 48 52 91 56 92 114 131 173 164 158 160 190 210 238 277 304 282 279 292 328 334 300 275 252 210 210 210 210 210 210 210 210 239 279 238 216 219 231 216 254 336 362 310 305 285 334 376 348 357 489 434 450 482 494 482 584 502 351 393 289 323 396 375 358 376 326 326 396 394 250 270 335 401 643 601 596 513 558 251 240 462 596 473 419 316 316
0 0 0 6 93 146 107 172 159 161 61 48 56 107 88 102 122 157 161 173 151 147 154 186 200 215 231 215 250 260 301 282 279 245 210 216 262 280 270 303 325 398 354 365 420 350 266 340 324 438 489 412 380 403 315 281 406 410 366 332 412 424 419 419 479 450 424 553 429 289 295 443 364 340 340 376 459 427 382 504 412 457 559 528 683 573 676 621 702 498 388 388 592 569 445 371
0 0 0 0 0 0 2 9 19 8 27 27 50 73 100 115 103 107 79 108 115 117 117 151 149 152 176 185 192 204 208 209 207 156 190 267 303 278 303 315 307 282 309 367 366 438 372 439 438 400 454 427 350 453 300 281 330 279 332 416 388 373 388 503 470 411 330 320 323 289 351 341 405 456 414 477 489 406 412 383 410 459 509 490 366 561 553 768 756 650 544 542 392 464 493 488
0 0 0 0 0 0 0 0 0 0 13 15 46 50 63 62 55 89 73 102 82 133 154 147 144 143 131 116 123 133 149 148 148 148 174 218 227 225 225 232 240 299 303 303 394 406 372 372 372 372 405 374 349 349 357 281 398 278 335 385 358 348 464 361 430 498 442 455 305 289 323 460 503 355 445 431 492 363 347 475 430 367 385 346 351 604 478 731 639 777 514 427 504 450 452 367
0 0 0 0 0 0 0 0 0 0 4 17 18 16 16 48 59 55 83 95 76 110 94 132 151 118 102 114 130 130 148 148 171 185 179 174 199 234 273 303 306 309 349 365 405 401 431 476 437 408 410 360 441 383 316 313 281 294 278 302 296 307 364 344 322 322 298 279 289 289 304 331 295 336 456 442 498 414 347 408 425 332 481 346 448 592 478 478 542 540 455 414 501 507 480 453
0 0 0 0 0 0 0 0 0 0 0 14 16 26 28 39 47 63 55 72 72 87 97 90 96 102 119 139 140 155 162 181 175 187 197 193 180 216 250 273 317 394 389 405 368 381 377 414 453 420 362 334 334 329 303 351 376 333 278 278 313 296 420 382 420 408 258 350 424 289 289 289 386 397 336 369 491 499 367 322 308 308 308 373 403 478 501 695 565 496 406 406 477 395 427 478
0 0 0 0 0 0 0 0 0 0 0 7 12 16 19 33 46 66 115 126 98 91 87 87 90 92 106 106 108 127 165 175 186 195 189 199 212 219 205 225 248 243 250 262 258 328 462 500 475 422 402 345 343 390 342 292 269 253 341 334 310 305 296 296 357 261 317 243 372 473 529 554 495 398 391 437 469 589 472 513 404 308 308 371 429 407 616 834 678 684 598 406 406 420 395 339
0 0 0 0 0 0 0 0 0 0 0 12 20 31 43 74 88 105 97 87 87 87 90 100 113 142 177 136 140 156 138 177 211 225 214 209 205 205 205 205 215 225 239 234 234 257 284 322 371 349 424 400 318 286 274 264 237 290 304 296 296 296 296 296 319 251 251 228 281 351 320 357 399 509 550 449 532 537 606 609 408 367 442 308 376 419 664 499 641 759 629 609 617 493 622 547
0 0 0 0 0 0 0 0 0 5 19 24 38 64 45 53 124 107 87 87 135 150 137 151 140 133 122 154 156 186 196 215 219 303 319 272 249 244 224 230 241 248 234 271 285 258 259 259 259 259 259 336 274 273 273 227 268 268 331 343 304 337 361 311 342 290 285 258 226 320 433 409 365 414 391 569 370 407 552 358 487 376 308 308 376 508 496 496 496 669 716 479 452 612 619 546
0 0 0 0 0 0 0 1 0 10 14 42 62 47 80 80 84 95 105 93 87 96 112 109 121 109 143 153 169 207 237 243 263 302 402 382 309 278 269 313 337 347 410 371 286 278 320 366 366 348 325 319 367 412 347 317 227 208 295 356 265 322 335 291 291 284 284 312 332 223 309 408 310 445 377 367 317 585 602 384 288 322 491 314 255 306 537 524 683 593 513 508 348 569 663 510
0 0 0 0 0 0 0 0 0 11 36 79 88 69 45 69 85 102 89 117 96 119 72 87 108 113 137 165 205 248 275 288 296 331 320 312 307 292 314 326 361 420 354 348 317 370 437 443 462 406 476 377 342 329 319 316 265 221 208 251 280 373 353 349 365 316 309 270 256 223 223 220 247 348 463 378 273 385 474 614 392 269 446 359 241 262 406 659 536 700 640 426 276 574 520 508
0 0 0 0 0 0 0 0 0 9 17 13 26 32 45 32 33 40 32 47 42 60 56 78 90 117 137 164 190 250 260 267 261 297 278 266 245 292 304 277 288 263 316 334 407 448 436 421 455 448 344 332 293 300 254 263 249 237 225 208 222 285 302 336 355 294 319 334 336 377 265 233 214 280 242 267 229 287 364 338 278 301 268 245 229 303 342 338 425 555 602 502 261 262 467 501
0 0 0 0 0 0 0 5 11 14 9 10 15 22 22 29 29 29 29 29 48 42 42 53 67 67 73 104 104 137 155 162 189 173 217 242 239 223 222 212 248 304 364 430 447 397 370 382 323 341 326 310 279 265 236 222 216 216 218 208 208 225 265 291 293 301 302 382 475 401 341 273 227 214 214 239 214 294 294 346 359 214 259 291 222 222 222 251 251 283 357 452 294 251 499 409
0 0 0 0 0 6 0 3 16 13 17 20 17 27 48 34 49 54 58 52 59 61 74 85 94 114 139 135 141 171 164 155 155 172 195 236 236 237 208 208 248 273 337 357 329 337 353 315 332 318 281 279 291 290 227 216 232 231 252 224 208 208 221 288 255 292 262 254 248 248 247 225 214 214 235 214 214 214 214 214 214 214 214 222 246 364 344 379 336 251 251 308 402 251 251 251
0 9 3 6 9 8 3 5 11 18 30 28 36 43 40 55 59 69 81 84 82 89 102 119 143 169 205 217 231 248 243 223 185 245 266 256 268 253 226 208 208 214 241 248 305 337 330 313 258 282 280 298 290 306 251 201 222 221 228 264 223 215 208 201 222 287 290 248 231 214 214 210 240 326 363 275 231 284 214 214 255 293 337 266 426 388 388 309 275 256 284 251 295 251 251 251
19 47 50 32 33 21 11 13 20 25 37 48 46 51 57 74 69 94 102 98 109 113 114 136 156 181 206 227 236 244 246 261 238 255 243 243 243 241 252 238 208 208 208 213 203 224 233 227 222 231 231 227 240 212 191 149 205 280 310 246 203 192 192 203 201 204 205 283 303 277 219 210 210 231 262 260 247 301 312 228 276 296 266 284 391 439 352 466 416 401 251 251 251 268 259 251
76 123 87 86 62 33 17 36 64 54 79 76 62 64 63 81 80 98 130 136 145 142 147 166 173 192 211 231 227 232 258 270 280 292 288 269 261 273 247 240 246 227 208 208 206 161 210 222 238 223 205 201 184 175 137 186 205 208 186 190 192 192 205 211 201 201 201 235 212 214 210 213 231 258 290 284 271 260 245 263 302 329 388 306 347 337 355 292 350 251 315 297 309 258 296 330
144 104 83 93 102 42 24 48 78 95 85 82 74 68 77 105 117 110 106 139 168 185 188 168 202 226 244 249 257 272 277 302 335 325 349 341 304 302 286 272 264 252 236 224 203 212 161 147 168 176 171 152 183 180 137 137 193 60 154 146 194 192 210 229 215 211 201 210 210 210 210 210 210 210 210 210 230 252 334 330 263 270 290 246 246 302 246 299 251 311 399 309 307 277 296 251
122 139 99 70 51 24 52 86 94 90 92 100 88 92 100 132 139 135 136 162 158 193 213 222 227 245 255 262 260 262 294 290 287 310 309 333 320 306 289 282 273 248 242 241 237 210 214 179 137 147 122 173 174 146 139 139 59 82 117 186 217 216 208 247 232 233 211 214 213 210 210 237 231 210 223 254 221 221 221 383 464 386 246 262 246 246 246 279 262 257 281 344 418 304 285 251
187 181 167 100 67 35 42 85 83 94 98 85 107 92 92 123 135 158 165 182 204 203 198 231 218 253 257 298 309 249 247 235 199 217 214 217 224 229 221 233 239 234 243 227 230 207 197 185 153 137 114 149 141 121 127 59 146 182 197 231 260 267 296 268 262 226 220 210 210 227 220 214 263 252 218 232 252 294 231 222 222 243 252 246 246 273 276 246 246 315 334 344 454 328 297 266
227 315 280 155 146 78 35 45 64 71 85 96 101 99 118 105 132 162 181 234 200 232 230 235 260 201 200 224 253 257 240 211 178 151 148 174 202 214 203 210 216 219 229 226 203 196 161 121 116 106 117 116 108 54 59 142 153 183 194 216 251 255 282 256 250 242 212 248 250 241 214 215 243 292 245 260 311 338 338 403 285 267 261 311 263 246 246 246 246 246 298 390 350 342 283 253
355 348 252 165 166 130 74 43 43 48 95 113 118 131 114 132 122 122 174 203 210 219 220 228 268 228 200 206 154 191 179 129 130 147 175 176 215 199 194 181 209 205 212 205 189 157 134 101 104 96 80 52 52 126 120 170 163 165 214 243 279 287 312 270 276 252 226 225 261 274 244 217 267 280 255 315 355 358 359 339 350 321 316 322 283 267 252 246 246 287 255 274 358 306 287 260
310 283 188 239 239 201 122 73 66 43 51 87 135 159 157 162 189 186 122 167 216 156 237 176 158 155 153 152 143 133 124 103 133 129 153 164 164 164 172 173 173 194 176 136 97 88 68 45 51 51 51 100 115 138 158 166 158 176 206 241 251 282 290 299 304 286 270 281 239 262 262 232 272 268 265 274 333 347 378 418 359 401 385 382 378 310 293 295 265 275 280 285 288 289 296 262
326 342 371 389 359 276 197 140 120 67 43 50 91 151 146 169 194 196 203 237 223 136 131 127 131 117 106 110 85 95 104 112 82 86 143 164 199 194 171 138 108 114 78 65 61 62 43 43 57 85 90 92 117 143 160 152 152 168 188 211 238 266 285 267 283 303 336 288 309 312 280 256 257 257 282 282 307 353 369 378 383 500 455 445 362 390 475 295 284 281 284 296 277 286 259 293
339 387 410 406 316 362 339 241 205 109 65 43 43 51 124 187 179 185 190 193 180 232 212 153 53 46 40 40 47 51 57 46 55 92 134 177 184 167 148 130 104 65 60 43 62 43 52 58 71 72 102 101 137 144 143 164 178 155 181 198 221 207 242 243 247 275 308 350 332 347 338 301 286 269 276 272 289 285 294 369 369 392 473 410 408 428 461 380 363 283 267 256 270 267 246 255
393 402 483 415 433 431 341 276 201 171 139 156 99 69 49 40 44 65 112 90 124 99 77 66 41 40 42 40 48 40 57 40 41 40 40 40 50 65 43 42 40 45 43 48 43 58 74 76 78 96 104 131 158 159 171 204 224 238 209 194 194 225 248 248 235 235 235 250 267 280 303 285 266 287 267 281 281 289 268 300 297 350 374 369 478 461 399 403 512 416 315 265 224 214 233 219
429 439 478 446 435 338 237 263 289 222 190 152 132 105 92 43 40 40 40 40 40 40 40 40 40 40 40 40 40 40 40 40 40 40 40 40 40 40 40 40 40 40 40 70 69 63 64 71 94 105 126 143 175 175 183 219 245 264 275 248 234 254 257 267 269 259 242 227 202 204 206 214 213 222 223 229 247 244 242 260 262 272 273 293 319 365 338 415 400 437 490 432 288 269 214 184
380 406 401 317 296 274 270 237 215 175 154 168 134 105 74 40 40 40 40 40 40 40 40 40 40 40 40 40 40 40 40 40 40 40 40 40 40 40 40 40 53 66 79 58 60 84 94 93 81 112 125 125 146 203 221 231 243 269 260 289 255 246 225 233 233 233 240 231 222 202 189 178 162 164 184 190 206 199 203 225 254 295 272 241 276 264 263 258 324 335 406 279 350 307 224 193
262 325 355 371 335 288 231 191 134 96 72 67 67 67 50 45 40 40 40 40 40 40 40 40 40 40 40 40 40 40 40 40 46 43 49 44 58 59 80 93 84 80 94 86 87 82 86 103 110 129 146 151 152 199 217 244 273 271 268 223 218 245 201 179 174 183 171 174 168 165 160 150 144 140 138 145 160 162 166 176 201 213 235 228 199 208 210 241 252 253 282 264 319 326 354 208
231 377 411 304 284 248 176 156 100 102 80 83 148 114 74 48 40 40 40 40 40 40 40 40 40 40 40 40 40 40 45 40 52 56 72 85 88 86 85 86 80 90 83 80 81 95 87 97 151 167 188 198 188 163 221 214 202 202 202 202 202 191 182 188 179 170 186 174 148 154 148 157 159 154 135 127 127 127 127 127 150 183 183 187 182 190 191 171 182 212 246 259 337 412 437 402
220 234 208 222 210 179 155 127 100 89 118 156 153 130 98 60 40 40 40 40 40 40 40 40 40 40 40 40 40 42 57 48 50 58 74 86 89 76 91 87 84 87 97 79 87 109 96 127 159 159 196 199 214 222 220 223 206 224 221 211 210 208 211 219 186 156 161 160 142 134 166 203 166 168 159 150 142 158 138 112 94 109 117 113 107 112 121 116 108 116 136 153 155 149 166 167
186 197 231 228 249 223 186 191 141 140 94 107 178 100 67 58 58 44 40 40 40 40 40 52 46 73 40 46 48 60 42 42 44 73 52 69 67 67 70 65 58 74 64 72 80 90 94 111 105 146 158 174 183 183 193 200 204 199 220 215 214 197 180 184 205 168 135 127 123 123 214 277 222 200 169 159 155 128 126 116 113 91 58 81 99 91 83 78 77 79 72 80 80 99 130 122
187 182 195 119 94 118 48 12 1 8 0 0 0 0 0 0 3 3 46 65 96 129 188 123 115 123 135 107 77 44 42 44 52 44 44 44 44 44 53 56 50 59 59 69 73 80 75 93 93 99 119 151 165 168 168 168 174 174 174 174 187 163 143 141 132 123 118 123 129 180 189 252 224 203 203 180 160 126 104 78 66 51 51 48 61 76 56 53 48 50 49 49 50 51 65 94
80 99 21 0 0 0 0 0 0 0 0 10 37 24 4 14 60 139 264 348 319 288 320 296 264 209 186 104 83 84 91 89 92 95 80 96 79 55 44 44 44 51 70 79 81 60 92 135 107 142 110 152 166 173 168 173 174 182 174 174 180 193 187 186 178 164 158 118 113 175 165 235 209 180 166 163 132 126 123 97 113 75 58 44 37 37 37 37 43 48 67 93 102 75 66 63
